VALOR OBJETIVO POR EJE: [0.38074193 0.5683209  0.20876183 0.39225406 0.127     ] 	 VALOR OBJETIVO GENERAL: 10.24024211726718 

GRUPO 1: [0.44981646 0.55976153 0.47101232 0.26750868 0.4       ]
GRUPO 2: [0.42957619 0.61189386 0.28442374 0.39578178 0.41176471]
GRUPO 3: [0.5160545  0.71151788 0.30783972 0.53798245 0.15      ]
GRUPO 4: [0.48513682 0.70843027 0.30273113 0.66781805 0.2       ]
GRUPO 5: [0.46947168 0.72303484 0.27698658 0.47308004 0.2       ]
GRUPO 6: [0.50628404 0.58542619 0.36575377 0.40863496 0.1       ]
GRUPO 7: [0.505269   0.63782723 0.22183882 0.6100341  0.1       ]
GRUPO 8: [0.50751335 0.68215732 0.32311413 0.60424029 0.25      ]
GRUPO 9: [0.52770657 0.6716741  0.26878724 0.58938091 0.05      ]
GRUPO 10: [0.49824119 0.68284232 0.37334885 0.42298213 0.3       ]
GRUPO 11: [0.51080499 0.68994221 0.31759465 0.40015218 0.25      ]
GRUPO 12: [0.49705837 0.71238701 0.28513839 0.57129687 0.2       ]
GRUPO 13: [0.51784128 0.62768907 0.35723007 0.36305495 0.1       ]
GRUPO 14: [0.44875622 0.64122254 0.33619756 0.56323592 0.2       ]
GRUPO 15: [0.46639035 0.7095328  0.33180378 0.53429446 0.15      ]
GRUPO 16: [0.43751801 0.64971613 0.29536368 0.44046771 0.3       ]
GRUPO 17: [0.50303927 0.72438779 0.40499926 0.47022442 0.1       ]
GRUPO 18: [0.48591728 0.70856136 0.30519253 0.4204389  0.3       ]
GRUPO 19: [0.47635965 0.6586718  0.32079562 0.47437569 0.4       ]
GRUPO 20: [0.48872021 0.62217957 0.28415653 0.59190526 0.05      ]
GRUPO 21: [0.48312129 0.64863456 0.3139479  0.53675196 0.3       ]
GRUPO 22: [0.45715959 0.67005906 0.28788346 0.51036459 0.35      ]
GRUPO 23: [0.47479772 0.72803194 0.30823915 0.47440365 0.2       ]
GRUPO 24: [0.46347974 0.64609163 0.36435338 0.4772735  0.3       ]
GRUPO 25: [0.47139986 0.66212491 0.26881845 0.56877078 0.2       ]
GRUPO 26: [0.49576454 0.67851755 0.35684925 0.47502768 0.1       ]
GRUPO 27: [0.46767712 0.62788953 0.27858704 0.53336821 0.3       ]
GRUPO 28: [0.50118048 0.70824392 0.27066824 0.51380595 0.4       ]
GRUPO 29: [0.49684571 0.63780465 0.39387464 0.40285688 0.3       ]
GRUPO 30: [0.44371049 0.59972852 0.27098421 0.53013156 0.15      ]
GRUPO 31: [0.49135329 0.63458145 0.30615052 0.57948784 0.1       ]
GRUPO 32: [0.48796881 0.70206623 0.31782901 0.59650722 0.2       ]
GRUPO 33: [0.48444583 0.65582783 0.25899257 0.56114645 0.2       ]
GRUPO 34: [0.50717315 0.69155282 0.2858299  0.40550758 0.2       ]
GRUPO 35: [0.47564904 0.61780341 0.35798278 0.49282319 0.35      ]
GRUPO 36: [0.46133894 0.70001554 0.28732761 0.36629063 0.15      ]
GRUPO 37: [0.4593862  0.64238449 0.21813993 0.52769991 0.1       ]
GRUPO 38: [0.49372004 0.6982505  0.30998492 0.46239004 0.35      ]
GRUPO 39: [0.45990801 0.67012645 0.29421656 0.52026717 0.3       ]
GRUPO 40: [0.49574731 0.73645521 0.30018696 0.43956273 0.4       ]
GRUPO 41: [0.4847197  0.68969759 0.31224145 0.44755794 0.25      ]
GRUPO 42: [0.47540221 0.61586808 0.34067764 0.38563862 0.05      ]
GRUPO 43: [0.44755089 0.65223549 0.26909527 0.44218466 0.15      ]
GRUPO 44: [0.42962934 0.62923356 0.2348267  0.54764546 0.25      ]
GRUPO 45: [0.46606438 0.66923934 0.3307625  0.55146481 0.1       ]
GRUPO 46: [0.49929355 0.74749228 0.26699328 0.43301141 0.5       ]
GRUPO 47: [0.48368493 0.57796918 0.30945464 0.47175461 0.25      ]
GRUPO 48: [0.44849349 0.7051004  0.32059073 0.5097009  0.15      ]
GRUPO 49: [0.43904421 0.696302   0.31780807 0.46365663 0.3       ]
GRUPO 50: [0.4853687  0.62948125 0.37706067 0.44917297 0.35      ]

MEJOR -> Grupo 1 
	 [0.44981646 0.55976153 0.47101232 0.26750868 0.4       ] -> dif: [0.06907453 0.00855936 0.26225049 0.12474538 0.273     ]  

PEOR  -> Grupo 1 
	 [0.44981646 0.55976153 0.47101232 0.26750868 0.4       ] -> dif: [0.06907453 0.00855936 0.26225049 0.12474538 0.273     ]  
