VALOR OBJETIVO POR EJE: [0.46957954 0.50241736 0.5091177  0.47984125 0.5        0.29916335
 0.29472747 0.46449447 0.66115675] 	 VALOR OBJETIVO GENERAL: 3.431421468019008 

GRUPO 1: [0.4612579  0.50482481 0.69344986 0.47642492 0.         0.28830789
 0.33494521 0.39513378 0.71263469]
GRUPO 2: [0.44366898 0.47303337 0.54403076 0.36600144 0.         0.33008059
 0.29181769 0.46993789 0.64302397]
GRUPO 3: [0.42963887 0.5000255  0.59491444 0.40190055 0.         0.3588952
 0.2113312  0.43112695 0.63413537]
GRUPO 4: [0.46545029 0.53106232 0.36544804 0.59565634 0.625      0.30741333
 0.23230206 0.46987359 0.61008352]
GRUPO 5: [0.46134326 0.51448105 0.3488826  0.37841746 0.6        0.29622586
 0.24673678 0.46829536 0.75434585]
GRUPO 6: [0.47393166 0.4775239  0.62029681 0.57564315 0.525      0.28492716
 0.35264538 0.43960347 0.65158995]
GRUPO 7: [0.47871469 0.49750775 0.40315369 0.41496909 0.475      0.24549544
 0.42412711 0.46244386 0.64256129]
GRUPO 8: [0.47406349 0.51871439 0.47834058 0.57695952 0.575      0.2419085
 0.22459388 0.4688944  0.65174468]
GRUPO 9: [0.48007636 0.52313096 0.53270674 0.4969764  0.5        0.31057114
 0.35194056 0.49079794 0.68238779]
GRUPO 10: [0.4640462  0.51138202 0.55796235 0.49894312 0.475      0.29621682
 0.27386003 0.4777426  0.5738456 ]
GRUPO 11: [0.44233914 0.53133476 0.43416233 0.46567283 0.4        0.29650808
 0.29965591 0.46609953 0.70262138]
GRUPO 12: [0.49609762 0.4531849  0.57199143 0.23577494 0.575      0.25507016
 0.3680468  0.47581449 0.71385494]
GRUPO 13: [0.45434929 0.46643039 0.43160453 0.63750934 0.425      0.32443508
 0.36488892 0.43785478 0.63850069]
GRUPO 14: [0.46360431 0.4944848  0.46715174 0.52455303 0.375      0.29343178
 0.35883013 0.47703908 0.71128745]
GRUPO 15: [0.47418185 0.47223512 0.52957937 0.59494832 0.6        0.27558083
 0.26783592 0.49029105 0.62059636]
GRUPO 16: [0.443653   0.45703288 0.59183529 0.45024367 0.375      0.25313401
 0.29124925 0.48834463 0.6525576 ]
GRUPO 17: [0.47605711 0.54229859 0.38987173 0.51689679 0.6        0.29196612
 0.28983354 0.45671955 0.71865072]
GRUPO 18: [0.50603407 0.53250837 0.55877022 0.7103921  0.45       0.28209629
 0.25627079 0.50648101 0.6581842 ]
GRUPO 19: [0.45426682 0.53270558 0.38401792 0.09478005 0.55       0.36456447
 0.37164146 0.50885183 0.64782782]
GRUPO 20: [0.41303607 0.48683095 0.44875411 0.42089149 0.6        0.30249819
 0.30337218 0.446933   0.65612714]
GRUPO 21: [0.47715233 0.46954241 0.53095897 0.46126932 0.5        0.22962127
 0.33805711 0.44081825 0.74172488]
GRUPO 22: [0.48472675 0.53578557 0.52941807 0.51275791 0.65       0.2873737
 0.2733376  0.48759009 0.75560964]
GRUPO 23: [0.50271442 0.49952055 0.59054346 0.46705193 0.35       0.3076223
 0.26090063 0.47430828 0.66841513]
GRUPO 24: [0.51026516 0.50668482 0.57775431 0.64008175 0.575      0.28876291
 0.2773714  0.44842022 0.66622045]
GRUPO 25: [0.44127701 0.48896177 0.43895133 0.38617043 0.5        0.25757076
 0.30416656 0.46970803 0.53086942]
GRUPO 26: [0.43841815 0.48487827 0.1097321  0.51605882 0.35       0.24451841
 0.2374505  0.46106505 0.53138731]
GRUPO 27: [0.55086021 0.50414592 0.51893574 0.41603584 0.55       0.31512666
 0.24816543 0.46564533 0.68687448]
GRUPO 28: [0.43264577 0.48640262 0.3175547  0.44425189 0.525      0.26649439
 0.33076814 0.48772566 0.75275064]
GRUPO 29: [0.45088947 0.4833962  0.5463623  0.5648914  0.575      0.27692602
 0.29589143 0.44851582 0.60880825]
GRUPO 30: [0.49370434 0.46821308 0.50103409 0.48523198 0.5        0.27384233
 0.29141901 0.45999605 0.67116716]
GRUPO 31: [0.44898743 0.48779333 0.5841985  0.18277431 0.35       0.3674946
 0.27650901 0.44719427 0.55949891]
GRUPO 32: [0.45797745 0.53638995 0.68793101 0.48819405 0.275      0.29592269
 0.26778739 0.46739119 0.70438716]
GRUPO 33: [0.47653882 0.48801829 0.54438206 0.50109372 0.4        0.27818699
 0.22729414 0.4290837  0.64165274]
GRUPO 34: [0.5000391  0.47985895 0.4251254  0.58792368 0.5        0.32062808
 0.34415355 0.49690965 0.7369816 ]
GRUPO 35: [0.45019514 0.51498311 0.65987211 0.44544738 0.575      0.34363447
 0.23968591 0.47545706 0.62947835]
GRUPO 36: [0.45867354 0.51021642 0.54200601 0.5008872  0.5        0.34275998
 0.31756908 0.49980386 0.67427195]
GRUPO 37: [0.43699949 0.48370024 0.51982655 0.59924765 0.5        0.34078355
 0.27579969 0.47766677 0.66150307]
GRUPO 38: [0.46627909 0.51259058 0.55490978 0.54469792 0.575      0.32564705
 0.27097902 0.48737044 0.65664744]
GRUPO 39: [0.44959261 0.50526138 0.59893982 0.11377494 0.65       0.27818735
 0.32136708 0.45094289 0.66810546]
GRUPO 40: [0.49000161 0.54728075 0.71422157 0.48659169 0.425      0.30615148
 0.25423118 0.43121315 0.60914175]
GRUPO 41: [0.46089571 0.52876972 0.47636398 0.44169881 0.6        0.27586777
 0.32431949 0.452546   0.71851847]
GRUPO 42: [0.45406838 0.52557732 0.44254362 0.71772296 0.375      0.24761081
 0.28197144 0.4366693  0.68760479]
GRUPO 43: [0.50610709 0.50655226 0.59041643 0.46589488 0.65       0.32233327
 0.34595293 0.52139509 0.69698559]
GRUPO 44: [0.44578667 0.48695943 0.43381624 0.45815766 0.475      0.37183145
 0.22780694 0.4740638  0.55079061]
GRUPO 45: [0.51877199 0.52172429 0.48325543 0.728713   0.45       0.32815341
 0.30319945 0.45586617 0.59539208]
GRUPO 46: [0.51683461 0.47783159 0.48910853 0.51489574 0.625      0.30375796
 0.28707123 0.4152589  0.62585561]
GRUPO 47: [0.48541067 0.50585137 0.53055661 0.45724016 0.775      0.26975977
 0.27947547 0.44507814 0.69201186]
GRUPO 48: [0.45659262 0.49148603 0.492343   0.54925218 0.8        0.32315823
 0.28199729 0.45464143 0.65532931]
GRUPO 49: [0.49225967 0.49756565 0.47290752 0.41073787 0.825      0.32847666
 0.36312544 0.48945346 0.72312272]
GRUPO 50: [0.46850045 0.56419391 0.60499103 0.46976071 0.875      0.34063622
 0.27262499 0.44464661 0.68016965]

MEJOR -> Grupo 1 
	 [0.4612579  0.50482481 0.69344986 0.47642492 0.         0.28830789
 0.33494521 0.39513378 0.71263469] -> dif: [0.00832163 0.00240745 0.18433216 0.00341632 0.5        0.01085546
 0.04021775 0.06936069 0.05147794]  

PEOR  -> Grupo 1 
	 [0.4612579  0.50482481 0.69344986 0.47642492 0.         0.28830789
 0.33494521 0.39513378 0.71263469] -> dif: [0.00832163 0.00240745 0.18433216 0.00341632 0.5        0.01085546
 0.04021775 0.06936069 0.05147794]  
