VALOR OBJETIVO POR EJE: [0.47437318 0.45536048 0.49556949 0.48824554 0.4966     0.47970013
 0.51302956 0.50638066 0.48489437] 	 VALOR OBJETIVO GENERAL: 31.280974931842763 

GRUPO 1: [0.47770574 0.45472713 0.5442857  0.47512584 0.475      0.47719583
 0.50152779 0.49355138 0.46492789]
GRUPO 2: [0.4594525  0.44967139 0.50317745 0.55640449 0.55       0.45338171
 0.51876649 0.52151193 0.51075753]
GRUPO 3: [0.44006923 0.46719391 0.51718056 0.51226438 0.475      0.4904081
 0.51874516 0.49931811 0.46150047]
GRUPO 4: [0.48362652 0.44451264 0.49960799 0.49810916 0.5        0.49849907
 0.49443195 0.50039782 0.49573042]
GRUPO 5: [0.48304446 0.43843917 0.48596045 0.46220748 0.475      0.5018372
 0.48486934 0.50030343 0.47717664]
GRUPO 6: [0.52116892 0.46911504 0.52934363 0.49019473 0.475      0.46282865
 0.54027936 0.48469187 0.4516405 ]
GRUPO 7: [0.47622411 0.42322621 0.48505944 0.44510076 0.475      0.45672799
 0.54323835 0.51532043 0.48915662]
GRUPO 8: [0.48072092 0.46539862 0.5129049  0.49179456 0.475      0.47092436
 0.5204461  0.49352984 0.48770223]
GRUPO 9: [0.44211321 0.42781507 0.49672855 0.53725574 0.475      0.45162483
 0.53791403 0.51704413 0.48276275]
GRUPO 10: [0.46064427 0.44609803 0.4747794  0.46885023 0.5        0.44766176
 0.49049073 0.51700124 0.45143771]
GRUPO 11: [0.47047498 0.43857171 0.50460768 0.4879221  0.525      0.44484445
 0.49115408 0.52157933 0.49387544]
GRUPO 12: [0.45307178 0.4846485  0.47891314 0.47826381 0.475      0.45011878
 0.50885981 0.5100921  0.51945117]
GRUPO 13: [0.45526352 0.4434414  0.47847976 0.47929511 0.5        0.50013228
 0.497804   0.50986935 0.46463739]
GRUPO 14: [0.47952163 0.43498407 0.52853431 0.5018003  0.5        0.47099173
 0.51229474 0.51288686 0.45943125]
GRUPO 15: [0.44169594 0.44782542 0.5028204  0.49343135 0.5        0.48599898
 0.49604629 0.48685301 0.49850487]
GRUPO 16: [0.47090032 0.41106556 0.47057813 0.47722715 0.525      0.49003791
 0.51257022 0.54102483 0.51581909]
GRUPO 17: [0.4600838  0.46500659 0.51360055 0.45741801 0.5        0.49524528
 0.47706909 0.52383338 0.50461868]
GRUPO 18: [0.4580416  0.47764689 0.49949325 0.46704863 0.525      0.50142516
 0.51596903 0.52907223 0.49966352]
GRUPO 19: [0.46277106 0.44757224 0.48650753 0.48497666 0.5        0.50026641
 0.54782665 0.49567704 0.47527355]
GRUPO 20: [0.47066354 0.45956923 0.50924264 0.4699437  0.5        0.47053957
 0.48292135 0.50930773 0.47359831]
GRUPO 21: [0.45668165 0.43654351 0.47658383 0.47446964 0.525      0.49854104
 0.52860132 0.50737833 0.49631666]
GRUPO 22: [0.49394813 0.39116791 0.47971293 0.50943591 0.55       0.47937747
 0.47130315 0.51124419 0.47595713]
GRUPO 23: [0.49128092 0.47200953 0.52755952 0.50700198 0.5        0.47052231
 0.55100928 0.53705555 0.50817914]
GRUPO 24: [0.46973465 0.44165898 0.4530376  0.48687529 0.475      0.47134211
 0.5124816  0.51349571 0.48433118]
GRUPO 25: [0.48911266 0.42292376 0.53853251 0.45485634 0.475      0.47353067
 0.52771401 0.49375246 0.49688111]
GRUPO 26: [0.49134307 0.45494498 0.51062408 0.47692847 0.525      0.45576816
 0.50181042 0.49442647 0.47887713]
GRUPO 27: [0.45143132 0.48400841 0.45379228 0.48643107 0.525      0.45797857
 0.5161075  0.50363753 0.5050759 ]
GRUPO 28: [0.46701231 0.46784472 0.48481064 0.51033077 0.475      0.4614811
 0.50185935 0.49117066 0.50106821]
GRUPO 29: [0.53015033 0.47534881 0.50985064 0.49924641 0.475      0.48157563
 0.53459955 0.51450108 0.48796904]
GRUPO 30: [0.49806725 0.48297311 0.51380562 0.52155066 0.525      0.49395924
 0.48307881 0.50852147 0.4817278 ]
GRUPO 31: [0.46682747 0.48749653 0.48348637 0.48410547 0.5        0.505345
 0.49260722 0.52780326 0.46825667]
GRUPO 32: [0.47412746 0.47839592 0.50708758 0.48252231 0.5        0.48852999
 0.51762046 0.52781228 0.48777116]
GRUPO 33: [0.47608405 0.47995428 0.49010747 0.48627583 0.525      0.46980243
 0.50515075 0.5090613  0.4862862 ]
GRUPO 34: [0.47982192 0.49089364 0.48868906 0.4357703  0.         0.49773115
 0.50543769 0.52151085 0.50804148]
GRUPO 35: [0.4724333  0.45229439 0.47956985 0.47796751 0.525      0.47230978
 0.50839292 0.50177487 0.50105469]
GRUPO 36: [0.50828935 0.47459822 0.48182436 0.51916413 0.475      0.4568759
 0.50630705 0.52339051 0.47102124]
GRUPO 37: [0.45387109 0.46233542 0.48381987 0.44762881 0.475      0.46400881
 0.53555657 0.52427641 0.47685546]
GRUPO 38: [0.47661563 0.42121087 0.47111403 0.45703533 0.5        0.46839403
 0.52618275 0.53540262 0.48593482]
GRUPO 39: [0.46481404 0.46088297 0.51665211 0.46380833 0.475      0.46988862
 0.4904542  0.48641206 0.47888625]
GRUPO 40: [0.50425569 0.46055344 0.47226934 0.48119776 0.525      0.5017617
 0.54250204 0.490831   0.46554906]
GRUPO 41: [0.4800423  0.45548678 0.48449573 0.48280784 0.475      0.48933877
 0.52142483 0.48348762 0.47530907]
GRUPO 42: [0.46714814 0.48573555 0.48070557 0.48821261 0.525      0.48810465
 0.48496043 0.50379649 0.51050348]
GRUPO 43: [0.44839144 0.44701807 0.51697266 0.49122744 0.475      0.46104731
 0.50038908 0.4743182  0.48252138]
GRUPO 44: [0.46249873 0.4572706  0.52784421 0.51129226 0.5        0.49329299
 0.52441521 0.52388675 0.49730412]
GRUPO 45: [0.44394279 0.47459355 0.49389275 0.48571593 0.55       0.49775921
 0.51939065 0.5157927  0.50393273]
GRUPO 46: [0.48879014 0.42592308 0.50149414 0.50533949 0.4        0.47875679
 0.47215589 0.45176832 0.47564125]
GRUPO 47: [0.47330846 0.44668382 0.46738216 0.50088489 0.5        0.49243425
 0.53820435 0.53520736 0.50414265]
GRUPO 48: [0.4862144  0.4652385  0.49133148 0.48652713 0.475      0.45504135
 0.51542561 0.49905466 0.46373896]
GRUPO 49: [0.45511544 0.44345598 0.48084234 0.44828212 0.475      0.50402849
 0.49832862 0.51297421 0.52103975]
GRUPO 50: [0.48156986 0.41257592 0.50046037 0.46434447 0.5        0.50315488
 0.50653935 0.52218214 0.46981285]
GRUPO 51: [0.45855078 0.48372793 0.51564476 0.49279988 0.475      0.48231795
 0.55197153 0.51400075 0.50177739]
GRUPO 52: [0.46749929 0.48259152 0.49596018 0.53025328 0.5        0.49901474
 0.5035652  0.5093635  0.4794354 ]
GRUPO 53: [0.44937956 0.45803777 0.54848448 0.48758011 0.475      0.46341367
 0.50896415 0.4944763  0.54798898]
GRUPO 54: [0.49487524 0.48373335 0.5034522  0.46473761 0.4        0.42994942
 0.49052126 0.51374183 0.47041161]
GRUPO 55: [0.5119194  0.4455155  0.43641935 0.48404471 0.475      0.50762387
 0.53270983 0.51476954 0.5422413 ]
GRUPO 56: [0.48428361 0.4344904  0.50296335 0.49480926 0.475      0.44562686
 0.5375892  0.50126962 0.48388896]
GRUPO 57: [0.48231337 0.46780119 0.47432225 0.48441595 0.475      0.47110027
 0.51858593 0.54565244 0.47261862]
GRUPO 58: [0.47751092 0.48400551 0.48559794 0.4826257  0.475      0.47254076
 0.53022544 0.52732906 0.46514809]
GRUPO 59: [0.49238969 0.44106901 0.48208725 0.49368567 0.475      0.48158773
 0.54267041 0.48307185 0.49275856]
GRUPO 60: [0.45156517 0.44500288 0.50117173 0.4970303  0.5        0.45198054
 0.53397781 0.5069081  0.46855814]
GRUPO 61: [0.47578278 0.46504652 0.48580628 0.47491478 0.475      0.45799821
 0.52783907 0.51292801 0.49784996]
GRUPO 62: [0.46011448 0.43789236 0.50944192 0.46388655 0.5        0.4705211
 0.51395492 0.52405802 0.47425266]
GRUPO 63: [0.47864586 0.4436255  0.48243315 0.49666936 0.5        0.47541042
 0.46832033 0.48186475 0.49937929]
GRUPO 64: [0.4979517  0.44011012 0.49322459 0.48094205 0.475      0.47417559
 0.52157538 0.50875139 0.51276358]
GRUPO 65: [0.47295486 0.46326973 0.53122881 0.47359311 0.5        0.4847913
 0.50836976 0.51863951 0.4675451 ]
GRUPO 66: [0.47311473 0.50273717 0.48150974 0.4960842  0.5        0.49046161
 0.506369   0.52197133 0.46349244]
GRUPO 67: [0.49886981 0.45256257 0.47906619 0.50999188 0.5        0.49897819
 0.49327541 0.48774958 0.48239176]
GRUPO 68: [0.46984666 0.41651085 0.52164301 0.47346454 0.525      0.49105536
 0.52456852 0.53994475 0.49575645]
GRUPO 69: [0.45668379 0.45480832 0.4883882  0.54036994 0.5        0.49716102
 0.51562036 0.52650447 0.52007674]
GRUPO 70: [0.46965077 0.44557689 0.50031622 0.49503259 0.475      0.46020828
 0.53341611 0.52105701 0.50427479]
GRUPO 71: [0.50787874 0.45509798 0.47626557 0.44690361 0.5        0.47581553
 0.5313464  0.51885956 0.51426122]
GRUPO 72: [0.4407285  0.45290167 0.50809054 0.46912128 0.5        0.51667518
 0.48370504 0.49752227 0.50480781]
GRUPO 73: [0.48764557 0.47451205 0.49665496 0.52973406 0.5        0.45831846
 0.50829726 0.50672376 0.48655962]
GRUPO 74: [0.46549994 0.43298661 0.55092829 0.4704546  0.45       0.47835258
 0.52456307 0.50495621 0.44404327]
GRUPO 75: [0.48409008 0.45619418 0.46337474 0.46546552 0.         0.48809951
 0.50869775 0.4823846  0.48940765]
GRUPO 76: [0.46705716 0.48186037 0.5058106  0.49879046 0.5        0.48023478
 0.47863759 0.48689932 0.47026412]
GRUPO 77: [0.46964454 0.43698748 0.48137912 0.50193712 0.5        0.47769985
 0.52144965 0.51523904 0.48543776]
GRUPO 78: [0.45788612 0.43205741 0.51654535 0.4925101  0.475      0.48440522
 0.48911596 0.50271824 0.46555526]
GRUPO 79: [0.49076129 0.43775256 0.50246647 0.48616289 0.5        0.48565919
 0.48477944 0.53356307 0.46171741]
GRUPO 80: [0.43425649 0.44672597 0.47819544 0.49175561 0.         0.47958835
 0.48916279 0.50309997 0.46443691]
GRUPO 81: [0.46757911 0.45536756 0.4872124  0.47830199 0.525      0.50282796
 0.55481513 0.53570425 0.47165705]
GRUPO 82: [0.47529823 0.42331669 0.49825949 0.46446282 0.45       0.44017388
 0.50294565 0.4808902  0.49348362]
GRUPO 83: [0.45809697 0.41605499 0.4846041  0.5012015  0.525      0.47682282
 0.53900458 0.50733107 0.46250413]
GRUPO 84: [0.44790224 0.47566464 0.50315426 0.46539269 0.5        0.44204106
 0.50303997 0.49419458 0.4720062 ]
GRUPO 85: [0.48877597 0.43404948 0.49741178 0.47821499 0.475      0.46869483
 0.5237244  0.48969139 0.48902816]
GRUPO 86: [0.48033036 0.4880218  0.49289682 0.51568294 0.5        0.44504147
 0.53169902 0.50568283 0.45364582]
GRUPO 87: [0.46539327 0.41449181 0.50183144 0.49545212 0.5        0.48809908
 0.49568922 0.53714129 0.47172073]
GRUPO 88: [0.45112773 0.47106489 0.45283062 0.51676894 0.45       0.48906706
 0.54640689 0.49815396 0.48485411]
GRUPO 89: [0.4703842  0.45974145 0.49801789 0.49397873 0.475      0.47109958
 0.52301756 0.46845065 0.49676073]
GRUPO 90: [0.44320265 0.43361229 0.44130869 0.48768211 0.         0.48930023
 0.50627319 0.47877727 0.51175843]
GRUPO 91: [0.51493006 0.46218561 0.51728597 0.51140924 0.5        0.45320637
 0.49794262 0.47479775 0.44225298]
GRUPO 92: [0.47263286 0.46421219 0.49697176 0.47925049 0.5        0.47994769
 0.50501472 0.49847631 0.48241963]
GRUPO 93: [0.47958433 0.45329014 0.50662065 0.51224508 0.475      0.45482315
 0.53376091 0.50414987 0.449788  ]
GRUPO 94: [0.47019611 0.41052874 0.49552156 0.47804108 0.525      0.48295107
 0.51476878 0.50280587 0.46430024]
GRUPO 95: [0.45413322 0.42251383 0.5111538  0.52186566 0.525      0.4789135
 0.53574811 0.50774939 0.45783474]
GRUPO 96: [0.47435865 0.4469734  0.47227785 0.51597767 0.525      0.48750022
 0.52387263 0.5075508  0.48366008]
GRUPO 97: [0.46978851 0.42098867 0.47916394 0.45827562 0.525      0.50951848
 0.52539149 0.52307627 0.52859974]
GRUPO 98: [0.43965885 0.47231998 0.4906077  0.48407329 0.525      0.49640456
 0.50354498 0.48391573 0.48259743]
GRUPO 99: [0.54997322 0.4762854  0.48415627 0.53152087 0.5        0.51931454
 0.54894525 0.53205857 0.47797015]
GRUPO 100: [0.48803377 0.46039157 0.51220912 0.49105331 0.5        0.49113424
 0.5232193  0.53945053 0.46983638]
GRUPO 101: [0.46568249 0.46538384 0.50097295 0.50593077 0.45       0.45657048
 0.54657656 0.53603768 0.50708912]
GRUPO 102: [0.47230367 0.43218062 0.49904627 0.46660871 0.5        0.46674067
 0.49695926 0.51830905 0.52308427]
GRUPO 103: [0.48118772 0.48021766 0.48539748 0.49157212 0.5        0.47878597
 0.51044456 0.48880274 0.47443266]
GRUPO 104: [0.45427458 0.47662001 0.5174371  0.5024329  0.525      0.4580382
 0.49538913 0.50582503 0.46307818]
GRUPO 105: [0.50515983 0.44951455 0.48634245 0.46314974 0.525      0.49831183
 0.53277679 0.50041651 0.54137881]
GRUPO 106: [0.52944892 0.42715987 0.54074312 0.48615198 0.55       0.46811317
 0.51725921 0.4953031  0.47967256]
GRUPO 107: [0.48805999 0.43747878 0.48221255 0.46688775 0.5        0.4849329
 0.50996243 0.53085267 0.49117466]
GRUPO 108: [0.48038405 0.48749145 0.48481628 0.51297537 0.45       0.46979414
 0.50185104 0.52120675 0.46713462]
GRUPO 109: [0.49562953 0.42664014 0.4856993  0.45429546 0.45       0.45621581
 0.5208116  0.51670768 0.50353832]
GRUPO 110: [0.48615789 0.41497062 0.47128482 0.4520139  0.475      0.49647228
 0.51403819 0.50673369 0.48460337]
GRUPO 111: [0.45755296 0.44088328 0.49605481 0.50890193 0.5        0.46764851
 0.51425487 0.44676333 0.46769992]
GRUPO 112: [0.48643803 0.47148043 0.50188181 0.49087161 0.5        0.50638087
 0.48656901 0.47594635 0.5131072 ]
GRUPO 113: [0.49363857 0.42735818 0.4689028  0.49079252 0.475      0.45469753
 0.48145988 0.52547457 0.48185091]
GRUPO 114: [0.50176687 0.49990597 0.47453947 0.51842811 0.525      0.46537699
 0.53447294 0.51139115 0.50152788]
GRUPO 115: [0.46036172 0.47306411 0.49887385 0.47520212 0.5        0.51490514
 0.49575679 0.49741882 0.48086071]
GRUPO 116: [0.49780874 0.4686357  0.4634804  0.50668986 0.475      0.48474519
 0.4767871  0.49226735 0.50079011]
GRUPO 117: [0.46818388 0.46941884 0.48912462 0.4838187  0.525      0.45988591
 0.51898422 0.54462372 0.50798366]
GRUPO 118: [0.45761179 0.4786364  0.50385103 0.48415732 0.525      0.51019903
 0.4973443  0.48248083 0.49523315]
GRUPO 119: [0.46071602 0.44456359 0.48212643 0.48659944 0.5        0.48274259
 0.52508518 0.50549858 0.49460385]
GRUPO 120: [0.44162627 0.47530575 0.49891958 0.50101349 0.475      0.49583036
 0.52780938 0.4851658  0.49083876]
GRUPO 121: [0.46300535 0.4751598  0.49132972 0.48403623 0.475      0.46183594
 0.50983535 0.49624971 0.50562949]
GRUPO 122: [0.47378122 0.4356033  0.52787692 0.47919961 0.525      0.51102245
 0.52538606 0.50807548 0.52162069]
GRUPO 123: [0.45493424 0.45346477 0.51054379 0.46809567 0.525      0.47335412
 0.52705889 0.49643482 0.48256635]
GRUPO 124: [0.48260523 0.45644496 0.480098   0.48571697 0.475      0.44413788
 0.482235   0.49894957 0.5043409 ]
GRUPO 125: [0.4678906  0.44988818 0.50114508 0.47728059 0.525      0.46692641
 0.54362947 0.54418193 0.5152036 ]
GRUPO 126: [0.46589199 0.42632464 0.4777912  0.52448218 0.5        0.48351606
 0.4957036  0.51022262 0.50897175]
GRUPO 127: [0.4615364  0.43438086 0.49654667 0.50919674 0.525      0.45752661
 0.47866838 0.49629129 0.51295097]
GRUPO 128: [0.47270644 0.48389729 0.48205584 0.49022933 0.5        0.45921945
 0.53494464 0.50144814 0.49736374]
GRUPO 129: [0.49352416 0.46768442 0.4850324  0.48899579 0.5        0.49457964
 0.50949404 0.51946625 0.49018315]
GRUPO 130: [0.50342135 0.43052576 0.47094978 0.51181916 0.5        0.47327485
 0.53306656 0.52558124 0.48397299]
GRUPO 131: [0.47838731 0.44197862 0.5331869  0.50101445 0.475      0.51953589
 0.48433202 0.5160026  0.46267427]
GRUPO 132: [0.47793013 0.48462135 0.46801227 0.45494139 0.45       0.50237018
 0.50113909 0.51932282 0.5064299 ]
GRUPO 133: [0.45751467 0.44012563 0.50663216 0.48819898 0.525      0.45455098
 0.54046995 0.48866451 0.47868158]
GRUPO 134: [0.44883309 0.42118991 0.51798373 0.51316099 0.475      0.46452786
 0.52035501 0.51018287 0.48684962]
GRUPO 135: [0.48330695 0.43707916 0.52626062 0.48766178 0.475      0.47588732
 0.5211752  0.49267039 0.4841864 ]
GRUPO 136: [0.47538996 0.45902952 0.52549901 0.48157165 0.525      0.49557701
 0.47410664 0.50945508 0.47179897]
GRUPO 137: [0.46622307 0.47438108 0.46568653 0.4606483  0.5        0.50909455
 0.52968602 0.50356363 0.48461896]
GRUPO 138: [0.4548518  0.44436547 0.47980383 0.50068035 0.5        0.45801889
 0.53692023 0.47581313 0.46747892]
GRUPO 139: [0.4750303  0.46031466 0.50094333 0.51329023 0.475      0.48853217
 0.48591641 0.44910465 0.44497115]
GRUPO 140: [0.51742005 0.46349128 0.49010619 0.51422335 0.475      0.45092053
 0.52126207 0.48884979 0.49548315]
GRUPO 141: [0.46595573 0.45480922 0.46759822 0.48434786 0.525      0.48847645
 0.49483827 0.48786922 0.44334973]
GRUPO 142: [0.46062582 0.42770671 0.50709071 0.49454144 0.5        0.48486321
 0.50589086 0.52538105 0.50173326]
GRUPO 143: [0.45056835 0.47571971 0.49884374 0.510147   0.525      0.48947357
 0.53340751 0.48464827 0.48561822]
GRUPO 144: [0.43606011 0.47229231 0.50599094 0.48374957 0.5        0.4649783
 0.53339015 0.52240847 0.50418076]
GRUPO 145: [0.49334547 0.45305368 0.4913909  0.49251357 0.5        0.5003912
 0.48508464 0.53705447 0.49621936]
GRUPO 146: [0.51566654 0.46297422 0.48069117 0.51288484 0.475      0.4863989
 0.51096803 0.473918   0.42404305]
GRUPO 147: [0.50186633 0.46690466 0.48666476 0.52000215 0.475      0.48260253
 0.53183487 0.49527635 0.50012081]
GRUPO 148: [0.45071796 0.47437737 0.50169996 0.5029067  0.475      0.45980564
 0.50777938 0.48591776 0.48430772]
GRUPO 149: [0.45723861 0.41830144 0.46858315 0.50183544 0.475      0.48643363
 0.47680815 0.51270638 0.49497544]
GRUPO 150: [0.42667542 0.47876013 0.47781079 0.49645201 0.525      0.50937063
 0.49703657 0.51552698 0.50116464]
GRUPO 151: [0.48034883 0.44161537 0.52258625 0.52531769 0.45       0.48920334
 0.49530574 0.52755029 0.48007163]
GRUPO 152: [0.46572877 0.4526018  0.50151682 0.53356899 0.475      0.49399285
 0.50872835 0.51494184 0.46156259]
GRUPO 153: [0.4523121  0.43888792 0.49675691 0.44681006 0.475      0.4571185
 0.54466205 0.51513689 0.49665516]
GRUPO 154: [0.46184505 0.44314506 0.5279726  0.47063947 0.475      0.44914353
 0.51134054 0.49219296 0.48677064]
GRUPO 155: [0.48840746 0.46772652 0.42925128 0.48571974 0.5        0.49170296
 0.52479614 0.53559619 0.48482555]
GRUPO 156: [0.52800736 0.45157938 0.52425977 0.45805854 0.55       0.51163209
 0.48772978 0.5109752  0.44018487]
GRUPO 157: [0.45012869 0.4619502  0.47550325 0.51237286 0.525      0.46809446
 0.52710639 0.52328978 0.48619875]
GRUPO 158: [0.46874249 0.47131059 0.48675247 0.46472599 0.5        0.44697568
 0.5140994  0.51106483 0.50319481]
GRUPO 159: [0.4703094  0.46745798 0.45879383 0.49655369 0.475      0.47645629
 0.50722789 0.49593838 0.4867931 ]
GRUPO 160: [0.46936602 0.45636433 0.48638896 0.49125185 0.525      0.46164985
 0.55085873 0.51096471 0.48111886]
GRUPO 161: [0.45395788 0.49201394 0.5159206  0.48339397 0.5        0.47403833
 0.52585169 0.50773893 0.49853384]
GRUPO 162: [0.45621489 0.43079718 0.47148055 0.49966419 0.475      0.48561771
 0.52012136 0.55184327 0.5014087 ]
GRUPO 163: [0.43173675 0.45001756 0.53932931 0.46342692 0.525      0.47603212
 0.49081051 0.52193445 0.472298  ]
GRUPO 164: [0.46184139 0.4429411  0.49400482 0.49596154 0.475      0.48941608
 0.51612132 0.51334262 0.4716561 ]
GRUPO 165: [0.49047311 0.40747149 0.54168693 0.44280274 0.5        0.46611528
 0.54991737 0.57297582 0.4892496 ]
GRUPO 166: [0.45750258 0.46819006 0.48488081 0.44141508 0.525      0.4942999
 0.53761375 0.49352416 0.47029073]
GRUPO 167: [0.47253985 0.47174226 0.43727876 0.48732981 0.5        0.4568866
 0.50904104 0.50512681 0.49840915]
GRUPO 168: [0.50373539 0.45671588 0.44312689 0.48899776 0.         0.49437236
 0.53978303 0.53534945 0.47834998]
GRUPO 169: [0.47851016 0.4304998  0.49602438 0.46853091 0.525      0.44661993
 0.47378646 0.50080577 0.49402761]
GRUPO 170: [0.4947408  0.47956367 0.50775857 0.47175375 0.475      0.455024
 0.49866411 0.46838538 0.49011699]
GRUPO 171: [0.48866368 0.45287917 0.49536543 0.46649163 0.525      0.47360076
 0.51340887 0.4926546  0.48535826]
GRUPO 172: [0.47201287 0.46581689 0.47412846 0.56367833 0.55       0.49924707
 0.57439621 0.48942203 0.51650293]
GRUPO 173: [0.46646743 0.474003   0.51137228 0.48893167 0.45       0.4621587
 0.50444679 0.52504274 0.4398945 ]
GRUPO 174: [0.45454498 0.47728431 0.47571132 0.44920058 0.575      0.49440104
 0.5179474  0.47940709 0.49734053]
GRUPO 175: [0.46019549 0.45671497 0.47169784 0.49006186 0.55       0.46612237
 0.54689954 0.53871065 0.49291028]
GRUPO 176: [0.46520748 0.40935881 0.47171843 0.44953165 0.475      0.43829051
 0.54298094 0.48551386 0.48640951]
GRUPO 177: [0.47717837 0.47993232 0.49182798 0.50714285 0.525      0.50986563
 0.50310552 0.48290438 0.45656363]
GRUPO 178: [0.48629161 0.44343597 0.47793646 0.49200652 0.475      0.46902562
 0.50428444 0.52490502 0.48754927]
GRUPO 179: [0.48191033 0.47665168 0.49309747 0.49930894 0.475      0.52346173
 0.51828842 0.51798303 0.47692609]
GRUPO 180: [0.48386355 0.44592266 0.50165869 0.50931438 0.5        0.45479063
 0.51300047 0.48708488 0.48922211]
GRUPO 181: [0.48129804 0.48131576 0.51613442 0.50234888 0.55       0.45447425
 0.50207395 0.5101546  0.50839131]
GRUPO 182: [0.50396374 0.45282675 0.49169315 0.48030671 0.5        0.48948539
 0.48055585 0.49648513 0.4776702 ]
GRUPO 183: [0.42799433 0.417936   0.51469403 0.48537601 0.5        0.46821686
 0.52183085 0.50527928 0.48820693]
GRUPO 184: [0.50614247 0.41872711 0.50447311 0.52858076 0.525      0.47895775
 0.48705539 0.50267886 0.48813437]
GRUPO 185: [0.45781323 0.40226056 0.50278801 0.45668904 0.5        0.51273672
 0.49512694 0.48162806 0.52699152]
GRUPO 186: [0.50106631 0.43042975 0.49421684 0.42867348 0.55       0.48792867
 0.49733621 0.52808534 0.49043988]
GRUPO 187: [0.45794967 0.46100428 0.47140309 0.46309317 0.         0.47480684
 0.50625728 0.4767566  0.48105656]
GRUPO 188: [0.47987273 0.45360373 0.48201523 0.50780064 0.525      0.49525093
 0.51610983 0.51321612 0.47177732]
GRUPO 189: [0.47162613 0.4790707  0.47044393 0.4760039  0.5        0.48180576
 0.51295429 0.47162336 0.50887546]
GRUPO 190: [0.49915605 0.44744174 0.50975802 0.47545047 0.525      0.45256973
 0.52194659 0.49049676 0.4820676 ]
GRUPO 191: [0.50418378 0.42229071 0.48979695 0.48696032 0.475      0.48512158
 0.51557308 0.49822879 0.48044786]
GRUPO 192: [0.46507924 0.46813499 0.52127374 0.47089153 0.45       0.47669743
 0.50546064 0.56758641 0.47328536]
GRUPO 193: [0.46797456 0.48010584 0.50961553 0.46269334 0.525      0.49460127
 0.52538289 0.52067781 0.53206463]
GRUPO 194: [0.50404175 0.44651379 0.49309458 0.50073461 0.525      0.49964723
 0.50940815 0.54338641 0.45238403]
GRUPO 195: [0.48011027 0.45949895 0.45245503 0.45297128 0.475      0.4823224
 0.54943847 0.48622376 0.48731427]
GRUPO 196: [0.50005301 0.49367603 0.49988764 0.51039647 0.5        0.45766616
 0.5017751  0.44795315 0.45490911]
GRUPO 197: [0.53688777 0.465412   0.51734503 0.49472495 0.575      0.46370813
 0.50938075 0.48942455 0.46190316]
GRUPO 198: [0.4536934  0.47639685 0.51815637 0.4708848  0.525      0.46593463
 0.48652013 0.51842936 0.51376602]
GRUPO 199: [0.46200636 0.4567424  0.50243769 0.47773376 0.45       0.46298847
 0.54579789 0.4741801  0.54959723]
GRUPO 200: [0.46888586 0.49748126 0.46265015 0.53636369 0.525      0.47252564
 0.49672974 0.5568905  0.47116884]
GRUPO 201: [0.44098305 0.46394086 0.47505878 0.49434627 0.5        0.51059698
 0.54355967 0.48276916 0.48527563]
GRUPO 202: [0.45011149 0.47178934 0.47931301 0.49003252 0.525      0.46411887
 0.5281339  0.51978684 0.52774869]
GRUPO 203: [0.46421302 0.46521508 0.51007135 0.49425102 0.45       0.48473785
 0.48775728 0.50184643 0.45623007]
GRUPO 204: [0.46178051 0.5135598  0.46414109 0.4553308  0.         0.47526725
 0.51619349 0.48905078 0.50505774]
GRUPO 205: [0.4996031  0.43541346 0.47784632 0.46353616 0.         0.48591136
 0.48936171 0.48720246 0.48424297]
GRUPO 206: [0.50235171 0.45463615 0.47805571 0.53059862 0.475      0.48875641
 0.48883173 0.53026852 0.48434779]
GRUPO 207: [0.49214284 0.44035567 0.48926163 0.52046763 0.475      0.4688009
 0.51587977 0.54310382 0.51370679]
GRUPO 208: [0.48290012 0.47973312 0.47465795 0.50373949 0.         0.45698743
 0.47039423 0.51362908 0.49878894]
GRUPO 209: [0.46457482 0.45598092 0.4940532  0.50995447 0.475      0.49706109
 0.53320472 0.50375202 0.46627829]
GRUPO 210: [0.45902215 0.46532535 0.46927846 0.48251137 0.5        0.47898467
 0.51657665 0.50471954 0.49980316]
GRUPO 211: [0.48638033 0.44087898 0.45070026 0.4286772  0.55       0.47362884
 0.47315042 0.53274946 0.48738261]
GRUPO 212: [0.46534751 0.45276224 0.48834796 0.47989289 0.5        0.51012636
 0.5207664  0.4707006  0.45571334]
GRUPO 213: [0.43441943 0.46346315 0.49703842 0.49591942 0.5        0.49822344
 0.51025582 0.49285899 0.50577916]
GRUPO 214: [0.47464523 0.45616876 0.46791272 0.48109098 0.5        0.47018159
 0.51515058 0.50881784 0.48510616]
GRUPO 215: [0.46282809 0.4273067  0.5251217  0.48819359 0.5        0.45775142
 0.54918267 0.52615304 0.50193984]
GRUPO 216: [0.46203897 0.43643115 0.52247798 0.48239467 0.45       0.47646663
 0.49245983 0.5278282  0.47180773]
GRUPO 217: [0.44050668 0.51714668 0.49479551 0.44903571 0.475      0.50048563
 0.52349715 0.53573854 0.4680679 ]
GRUPO 218: [0.48294571 0.43327269 0.49764248 0.49503025 0.5        0.47337355
 0.52177908 0.51144495 0.50567478]
GRUPO 219: [0.49356723 0.445129   0.50998345 0.51937686 0.5        0.47800355
 0.54992169 0.52091175 0.51827039]
GRUPO 220: [0.48965978 0.46094016 0.50284279 0.47683674 0.5        0.46882076
 0.51136267 0.49359895 0.48886177]
GRUPO 221: [0.49599593 0.49444414 0.47414603 0.50891441 0.475      0.46950263
 0.51937084 0.51092336 0.46383237]
GRUPO 222: [0.46728898 0.4991625  0.50142599 0.4956619  0.5        0.49285973
 0.55838765 0.49565921 0.44947594]
GRUPO 223: [0.47706639 0.44842716 0.45974971 0.51382873 0.525      0.48808069
 0.48284125 0.53434553 0.49182949]
GRUPO 224: [0.47887468 0.47038584 0.56549455 0.46189732 0.55       0.41438326
 0.49618174 0.52957828 0.48496562]
GRUPO 225: [0.42350549 0.45846154 0.49868118 0.47104607 0.475      0.51918116
 0.50945372 0.49801474 0.51853824]
GRUPO 226: [0.43401849 0.43536869 0.44911472 0.45006481 0.475      0.49078557
 0.51224176 0.49575436 0.4883079 ]
GRUPO 227: [0.50229584 0.51622009 0.49323996 0.44029922 0.         0.45486235
 0.53624171 0.48756003 0.49271069]
GRUPO 228: [0.47485197 0.42080831 0.56699244 0.46756713 0.         0.48462377
 0.49147433 0.52335763 0.52174473]
GRUPO 229: [0.49578748 0.47116502 0.49459243 0.4840793  0.5        0.50454979
 0.50150454 0.51339497 0.46198141]
GRUPO 230: [0.4528818  0.46432344 0.46540924 0.46289621 0.475      0.48172634
 0.53820328 0.49156421 0.48968192]
GRUPO 231: [0.46848741 0.43044006 0.512522   0.47261288 0.5        0.49715522
 0.5032124  0.5157865  0.46649389]
GRUPO 232: [0.52451037 0.42767725 0.49041718 0.45162596 0.         0.46481419
 0.54678897 0.53108057 0.48264398]
GRUPO 233: [0.50494285 0.44124311 0.49515186 0.48600642 0.5        0.50944296
 0.49934382 0.54004196 0.47397367]
GRUPO 234: [0.46357445 0.45659629 0.49554001 0.5106715  0.575      0.47539053
 0.44419266 0.49828162 0.52702088]
GRUPO 235: [0.48086619 0.4706144  0.50742387 0.4660078  0.525      0.49636534
 0.47017753 0.51821566 0.49813753]
GRUPO 236: [0.50163534 0.48998851 0.48213637 0.50453788 0.5        0.48632737
 0.52558925 0.49260168 0.50557071]
GRUPO 237: [0.50071067 0.46818353 0.48598638 0.52553542 0.525      0.46577169
 0.48501779 0.5007795  0.48889796]
GRUPO 238: [0.49007454 0.4568133  0.52583674 0.50918065 0.525      0.56360721
 0.50401955 0.48860288 0.50552976]
GRUPO 239: [0.46870364 0.43102002 0.50357001 0.5029414  0.475      0.50430719
 0.52029624 0.47481324 0.52180408]
GRUPO 240: [0.49638192 0.48096811 0.49763421 0.52123714 0.525      0.45081671
 0.4735945  0.51651179 0.4622171 ]
GRUPO 241: [0.47468327 0.46879011 0.51396412 0.47934093 0.475      0.4454956
 0.52337738 0.48155457 0.52213728]
GRUPO 242: [0.49388204 0.44355519 0.502308   0.46663235 0.5        0.4718551
 0.52127254 0.52938607 0.48740323]
GRUPO 243: [0.50071747 0.40414909 0.50519994 0.47899301 0.55       0.48195429
 0.48005352 0.47198552 0.45521185]
GRUPO 244: [0.47222917 0.50212752 0.49890249 0.49330347 0.5        0.46772912
 0.52766548 0.54312131 0.49129314]
GRUPO 245: [0.46136009 0.44063966 0.49595443 0.47572199 0.475      0.48500707
 0.47715853 0.50686145 0.49435225]
GRUPO 246: [0.46905147 0.47455634 0.44799344 0.56723936 0.55       0.48036527
 0.48237037 0.52270785 0.49685632]
GRUPO 247: [0.49428215 0.49209864 0.5061321  0.49632928 0.5        0.48837925
 0.53490676 0.48953564 0.47895049]
GRUPO 248: [0.48263364 0.48049396 0.4479042  0.44446606 0.475      0.49864888
 0.47568545 0.47686822 0.46742052]
GRUPO 249: [0.49317692 0.47600384 0.49350468 0.43856836 0.6        0.48029203
 0.46861022 0.47102588 0.51415849]
GRUPO 250: [0.44572548 0.46870552 0.46999597 0.48472101 0.475      0.46988289
 0.4889549  0.50758442 0.50056966]
GRUPO 251: [0.46684079 0.44983912 0.50389411 0.47052514 0.45       0.51458008
 0.46371213 0.52570175 0.46648717]
GRUPO 252: [0.45880575 0.44336684 0.49462217 0.50517901 0.475      0.47259997
 0.51441803 0.48613383 0.48475006]
GRUPO 253: [0.46806194 0.47515525 0.50526976 0.45937396 0.55       0.48509699
 0.47113668 0.53599398 0.48950125]
GRUPO 254: [0.46724108 0.46176357 0.46323849 0.47066679 0.5        0.48697065
 0.51415005 0.5271222  0.48293072]
GRUPO 255: [0.48973824 0.46488022 0.5139035  0.47854208 0.525      0.50318448
 0.51572185 0.51485079 0.48134756]
GRUPO 256: [0.52402419 0.43979376 0.51240328 0.4810541  0.475      0.4377612
 0.5689964  0.51972274 0.49076957]
GRUPO 257: [0.4813322  0.3949212  0.45312031 0.50076657 0.575      0.46141947
 0.49801856 0.4905742  0.48529691]
GRUPO 258: [0.45289142 0.47620342 0.49343044 0.5042038  0.525      0.46956575
 0.54128653 0.52910412 0.51054145]
GRUPO 259: [0.48345355 0.45383196 0.53026221 0.51459533 0.5        0.50896895
 0.50286296 0.46079414 0.51322611]
GRUPO 260: [0.50079446 0.49054229 0.48275418 0.44271253 0.5        0.45815627
 0.5202856  0.51654269 0.47793446]
GRUPO 261: [0.4487256  0.4602418  0.50976745 0.46688425 0.525      0.5126194
 0.45723709 0.55090781 0.52173179]
GRUPO 262: [0.48972742 0.45257821 0.49266317 0.49324424 0.525      0.51352423
 0.50509121 0.49289336 0.47883859]
GRUPO 263: [0.49250118 0.44151694 0.51525874 0.48310054 0.5        0.49881831
 0.53291376 0.54753181 0.48181902]
GRUPO 264: [0.51456105 0.47364497 0.52878993 0.45393137 0.45       0.50613927
 0.54426846 0.55811994 0.46333939]
GRUPO 265: [0.46478633 0.46061947 0.52577296 0.51709821 0.525      0.4714819
 0.54739675 0.48135749 0.48949475]
GRUPO 266: [0.4772435  0.4114506  0.53705215 0.46370976 0.475      0.47995221
 0.55361859 0.47406321 0.48798073]
GRUPO 267: [0.46548189 0.45093147 0.49387963 0.47672762 0.5        0.45802426
 0.49527264 0.4726818  0.45273466]
GRUPO 268: [0.47156488 0.44335867 0.47045463 0.52787501 0.475      0.46784352
 0.51502901 0.49527333 0.45309763]
GRUPO 269: [0.44863002 0.38685123 0.44329656 0.48277684 0.5        0.46532184
 0.52635127 0.52699226 0.52161586]
GRUPO 270: [0.42988101 0.43918013 0.51990764 0.50721356 0.475      0.47172734
 0.50436718 0.51344438 0.49308636]
GRUPO 271: [0.45408658 0.46814154 0.43910416 0.4773458  0.475      0.49371356
 0.53385297 0.53490309 0.48842639]
GRUPO 272: [0.49443696 0.44427388 0.50196818 0.47509566 0.475      0.4842574
 0.4860925  0.52944675 0.45885593]
GRUPO 273: [0.45966339 0.46105598 0.46696002 0.51004602 0.475      0.46961911
 0.4934209  0.51464198 0.48379407]
GRUPO 274: [0.43111994 0.43397233 0.50945457 0.48624627 0.55       0.51202144
 0.53486124 0.48175877 0.43051286]
GRUPO 275: [0.44216524 0.45645687 0.49342779 0.50196455 0.525      0.46407517
 0.52603332 0.51863046 0.4933637 ]
GRUPO 276: [0.43989534 0.45456918 0.50511232 0.45433157 0.5        0.50141516
 0.50277786 0.52069759 0.50317541]
GRUPO 277: [0.51308852 0.52235592 0.46484156 0.45785877 0.525      0.45403568
 0.50509512 0.52546126 0.4771005 ]
GRUPO 278: [0.4661213  0.4810668  0.48819375 0.5296373  0.475      0.47054329
 0.53687081 0.49924308 0.46385375]
GRUPO 279: [0.45216461 0.48235204 0.48955304 0.50581723 0.5        0.47616552
 0.52014542 0.51100644 0.47544585]
GRUPO 280: [0.45228617 0.42891593 0.456634   0.50685343 0.65       0.42974693
 0.45516724 0.48190247 0.51897489]
GRUPO 281: [0.48483649 0.41965877 0.53738666 0.47875603 0.5        0.4799366
 0.54618294 0.51861614 0.51783075]
GRUPO 282: [0.49496569 0.41880766 0.45540972 0.46048818 0.525      0.45840916
 0.48564487 0.47648588 0.48371126]
GRUPO 283: [0.46316365 0.47287784 0.49823093 0.48315373 0.525      0.49681855
 0.47387873 0.52589746 0.52528145]
GRUPO 284: [0.49789003 0.47037175 0.46631846 0.45573722 0.375      0.48157274
 0.51551567 0.5026529  0.48574048]
GRUPO 285: [0.48936784 0.48025702 0.49436989 0.51002898 0.45       0.50497994
 0.53228823 0.53127557 0.48923714]
GRUPO 286: [0.44199867 0.46205993 0.45987946 0.53110961 0.5        0.45681416
 0.53938081 0.48231138 0.49741649]
GRUPO 287: [0.5116921  0.49177798 0.49580499 0.4741122  0.575      0.47875245
 0.51775078 0.48178377 0.47886252]
GRUPO 288: [0.46798387 0.50519368 0.55629959 0.50580683 0.375      0.43014036
 0.46504553 0.49862054 0.46000866]
GRUPO 289: [0.44836817 0.42265943 0.49675525 0.46028299 0.55       0.45556895
 0.55933652 0.4934421  0.50312919]
GRUPO 290: [0.46481344 0.43772102 0.49822471 0.47827878 0.5        0.46633868
 0.54234602 0.5162075  0.482901  ]
GRUPO 291: [0.46139143 0.38636511 0.49776544 0.48311206 0.475      0.48143025
 0.51400469 0.50567581 0.46258529]
GRUPO 292: [0.47390071 0.44158107 0.513844   0.47548804 0.5        0.44986509
 0.50446893 0.51895133 0.46677569]
GRUPO 293: [0.49144001 0.4832111  0.48814294 0.45653308 0.5        0.45136445
 0.52378864 0.5030658  0.49445745]
GRUPO 294: [0.45715143 0.48145887 0.46189987 0.46927928 0.475      0.46355879
 0.54412409 0.53207005 0.45050765]
GRUPO 295: [0.48357307 0.49430923 0.50392479 0.47640017 0.6        0.50959278
 0.52829373 0.44548019 0.48038335]
GRUPO 296: [0.48650952 0.48466494 0.53892    0.52142683 0.5        0.47391871
 0.53839054 0.53569015 0.43894775]
GRUPO 297: [0.48815835 0.47101126 0.49469836 0.51517329 0.5        0.48880582
 0.49949692 0.51320344 0.47120809]
GRUPO 298: [0.47923062 0.46565452 0.49291159 0.4743127  0.475      0.48978526
 0.50095824 0.52066295 0.49682828]
GRUPO 299: [0.47801904 0.43479346 0.4834575  0.50007187 0.525      0.43213937
 0.52690982 0.53039882 0.48000121]
GRUPO 300: [0.46438998 0.37880001 0.46858719 0.50145423 0.55       0.50967585
 0.50923423 0.5115904  0.48368222]
GRUPO 301: [0.49140779 0.41564118 0.49006158 0.49072164 0.475      0.49573982
 0.51908663 0.48029164 0.48631046]
GRUPO 302: [0.49894145 0.45445007 0.50464475 0.50521204 0.5        0.49806332
 0.51307584 0.53074877 0.49510334]
GRUPO 303: [0.43801529 0.45640387 0.53094266 0.47786339 0.525      0.47775376
 0.49671467 0.51469495 0.4789331 ]
GRUPO 304: [0.42438713 0.43556122 0.49866603 0.50994776 0.525      0.4885771
 0.50161524 0.52700219 0.44937527]
GRUPO 305: [0.45039593 0.41987604 0.49644752 0.51579206 0.5        0.49844863
 0.50258355 0.53972967 0.45115682]
GRUPO 306: [0.4730863  0.46797755 0.47117813 0.50809897 0.5        0.47896247
 0.51847896 0.51449654 0.48683294]
GRUPO 307: [0.45917374 0.431979   0.48060805 0.49494314 0.475      0.50749574
 0.51418354 0.51946105 0.49960175]
GRUPO 308: [0.4999705  0.42161151 0.54613068 0.52413053 0.525      0.46021734
 0.51267945 0.46398405 0.47878686]
GRUPO 309: [0.46771971 0.4617041  0.47255158 0.49379559 0.525      0.49379539
 0.48896344 0.54061961 0.45011398]
GRUPO 310: [0.51316338 0.49055269 0.52271482 0.50073126 0.525      0.53210004
 0.53807168 0.50453453 0.45534289]
GRUPO 311: [0.48712644 0.47233671 0.49711597 0.4745941  0.5        0.45052896
 0.52990319 0.4914678  0.51083347]
GRUPO 312: [0.4500854  0.43769827 0.48612129 0.46368987 0.55       0.49882603
 0.51507715 0.46868703 0.46949677]
GRUPO 313: [0.46502754 0.45944646 0.47525208 0.45542514 0.575      0.46697051
 0.541608   0.52151129 0.46180873]
GRUPO 314: [0.47313732 0.48383466 0.5339441  0.46472697 0.525      0.52538911
 0.51634403 0.49422937 0.46312277]
GRUPO 315: [0.48256599 0.44994438 0.49231704 0.47510883 0.45       0.4793199
 0.49193252 0.50573564 0.45686562]
GRUPO 316: [0.48660446 0.42809993 0.47382013 0.47597821 0.55       0.45591674
 0.53540027 0.53549418 0.4767903 ]
GRUPO 317: [0.49197473 0.47602018 0.50931795 0.51804991 0.525      0.51440947
 0.50643868 0.50175332 0.45737823]
GRUPO 318: [0.49346099 0.4547929  0.49195645 0.50768828 0.5        0.51435059
 0.51134871 0.52721465 0.50411389]
GRUPO 319: [0.48864784 0.38350539 0.51332604 0.49282072 0.475      0.50096885
 0.50786988 0.47223399 0.49545218]
GRUPO 320: [0.48073287 0.46927947 0.49265064 0.46918412 0.45       0.4744443
 0.51789508 0.50808222 0.44057553]
GRUPO 321: [0.45493709 0.42711205 0.45186467 0.51453094 0.5        0.53066383
 0.52831016 0.46077651 0.50656753]
GRUPO 322: [0.48112498 0.48520676 0.49168463 0.48349777 0.575      0.51873923
 0.48376897 0.48967066 0.46200837]
GRUPO 323: [0.49339498 0.48666204 0.49005409 0.46318395 0.65       0.50698079
 0.54302488 0.55343177 0.48326929]
GRUPO 324: [0.4247085  0.44914228 0.48282579 0.51972499 0.525      0.52942592
 0.49705055 0.46068894 0.45635387]
GRUPO 325: [0.47512084 0.43346446 0.45321612 0.50516362 0.525      0.46623983
 0.48849951 0.51030631 0.48759119]
GRUPO 326: [0.51164614 0.42747801 0.52113136 0.50990033 0.5        0.43433384
 0.54729924 0.48709844 0.47628159]
GRUPO 327: [0.49853717 0.44935162 0.51896185 0.51380058 0.475      0.46244979
 0.50094321 0.46692053 0.45740881]
GRUPO 328: [0.46397065 0.49505695 0.51608321 0.49563322 0.475      0.48014538
 0.53095327 0.49178102 0.4886889 ]
GRUPO 329: [0.50688191 0.45646617 0.50622092 0.52015098 0.55       0.4410849
 0.51947501 0.52492075 0.41896809]
GRUPO 330: [0.4668254  0.44845359 0.48687462 0.52287701 0.5        0.46639456
 0.52782486 0.49096652 0.47181485]
GRUPO 331: [0.46462709 0.42241394 0.53163915 0.4270551  0.55       0.47789749
 0.57584384 0.50339096 0.45729302]
GRUPO 332: [0.4615421  0.45137474 0.49381426 0.50375887 0.475      0.49495144
 0.46583604 0.52013846 0.48692453]
GRUPO 333: [0.44892489 0.46419521 0.56304717 0.49865995 0.55       0.48623062
 0.56234821 0.50527371 0.46502071]
GRUPO 334: [0.46207255 0.46065869 0.46014177 0.51818515 0.55       0.47287707
 0.57456455 0.48466171 0.48001963]
GRUPO 335: [0.41335282 0.3958606  0.51689627 0.5452473  0.5        0.48443804
 0.50946248 0.47964076 0.50398378]
GRUPO 336: [0.46903143 0.43238072 0.52984644 0.5078513  0.525      0.49824141
 0.50403776 0.50883978 0.48599419]
GRUPO 337: [0.4666174  0.45913309 0.4984274  0.46925794 0.5        0.48316995
 0.51211362 0.51750186 0.52697311]
GRUPO 338: [0.46661101 0.39761323 0.52488226 0.45647525 0.6        0.45957196
 0.51312144 0.46579147 0.50520022]
GRUPO 339: [0.50714734 0.39124637 0.50887522 0.50568874 0.525      0.48063572
 0.50249051 0.45109096 0.5073582 ]
GRUPO 340: [0.48210325 0.46493423 0.47401768 0.46951978 0.55       0.45159553
 0.50493619 0.50190933 0.46412077]
GRUPO 341: [0.4748879  0.45533053 0.52685807 0.48546673 0.5        0.43068608
 0.51836481 0.50234865 0.47135006]
GRUPO 342: [0.479591   0.40360856 0.49855359 0.49630109 0.575      0.48602302
 0.57283804 0.55082788 0.49007446]
GRUPO 343: [0.48915977 0.49049091 0.45351156 0.51303727 0.575      0.51149979
 0.54428611 0.50021219 0.5129257 ]
GRUPO 344: [0.4377808  0.44461956 0.47436774 0.49115578 0.575      0.48228632
 0.55754751 0.56894189 0.4589122 ]
GRUPO 345: [0.41005418 0.43407545 0.45989847 0.50309673 0.525      0.4836584
 0.51027583 0.49434854 0.48036037]
GRUPO 346: [0.48478727 0.4614253  0.46456192 0.44889063 0.5        0.482229
 0.52486446 0.4795774  0.51385965]
GRUPO 347: [0.46594204 0.46700778 0.48240657 0.46890902 0.5        0.45881336
 0.507954   0.51649309 0.47103069]
GRUPO 348: [0.47354998 0.44919139 0.52649732 0.45672444 0.5        0.47726738
 0.53891098 0.51584233 0.47561727]
GRUPO 349: [0.49632914 0.45258576 0.47861934 0.46202958 0.5        0.47943948
 0.47966876 0.49874806 0.47143924]
GRUPO 350: [0.45647677 0.4758506  0.46827259 0.52452284 0.525      0.47774412
 0.45342304 0.47198785 0.490641  ]
GRUPO 351: [0.48406863 0.47120908 0.48940038 0.48131975 0.475      0.46991143
 0.54673078 0.51510091 0.47965164]
GRUPO 352: [0.46076248 0.47864483 0.48589441 0.46609307 0.525      0.48028376
 0.52688579 0.47943433 0.477427  ]
GRUPO 353: [0.49627805 0.44060171 0.50850806 0.48888433 0.5        0.51739964
 0.51556842 0.50379387 0.46785487]
GRUPO 354: [0.44337455 0.49194845 0.51785177 0.50945282 0.525      0.50989157
 0.51108332 0.48213621 0.49210346]
GRUPO 355: [0.49996059 0.45245316 0.531848   0.47805978 0.525      0.47802832
 0.52426656 0.49456527 0.48762078]
GRUPO 356: [0.49717351 0.44610042 0.53591371 0.43892986 0.5        0.49128592
 0.50760059 0.54562401 0.47133985]
GRUPO 357: [0.49513827 0.49178553 0.49272552 0.46474931 0.575      0.47462031
 0.50493728 0.50296845 0.48485726]
GRUPO 358: [0.45445996 0.46320434 0.49585489 0.48073104 0.525      0.46232134
 0.52871522 0.49273391 0.49212105]
GRUPO 359: [0.43714565 0.42132827 0.4474034  0.48670029 0.525      0.50438952
 0.52981716 0.48160708 0.49023027]
GRUPO 360: [0.44728178 0.47010712 0.51347555 0.53080726 0.575      0.47641265
 0.51838701 0.49447965 0.45657881]
GRUPO 361: [0.46729209 0.47245839 0.49755822 0.47206123 0.5        0.49014865
 0.48298338 0.50091309 0.4634004 ]
GRUPO 362: [0.47635    0.44033859 0.48991416 0.53166195 0.525      0.50081361
 0.52644196 0.47232775 0.47057784]
GRUPO 363: [0.4554113  0.40827108 0.49030034 0.49302644 0.5        0.52541776
 0.49035821 0.51543023 0.47836434]
GRUPO 364: [0.49647108 0.4524435  0.49612445 0.46287257 0.575      0.49651761
 0.51213938 0.48176134 0.52359411]
GRUPO 365: [0.45909469 0.46288901 0.4520177  0.54331953 0.5        0.46928709
 0.51364183 0.45243768 0.45171374]
GRUPO 366: [0.50123733 0.45845124 0.51749759 0.4994919  0.525      0.43636051
 0.5129219  0.47582705 0.52336707]
GRUPO 367: [0.48646033 0.43026651 0.49472715 0.50404381 0.475      0.47967053
 0.46490208 0.50637963 0.47411372]
GRUPO 368: [0.48027562 0.48102043 0.51321362 0.46044341 0.5        0.44043408
 0.52315649 0.51753706 0.50392486]
GRUPO 369: [0.48028168 0.41628979 0.49764094 0.4875883  0.5        0.49976516
 0.52170389 0.48377779 0.47316657]
GRUPO 370: [0.52978631 0.4107469  0.55196456 0.47353324 0.575      0.44726125
 0.55328852 0.51596042 0.4833347 ]
GRUPO 371: [0.4650386  0.45518887 0.52346221 0.4783079  0.5        0.50327773
 0.51912943 0.47467237 0.46347756]
GRUPO 372: [0.48279123 0.43658711 0.50013573 0.49860486 0.5        0.47844379
 0.5325735  0.47539169 0.42905507]
GRUPO 373: [0.44676096 0.43330198 0.45080963 0.47228543 0.5        0.47862386
 0.54490293 0.50535594 0.48462045]
GRUPO 374: [0.42556447 0.43033002 0.50452601 0.51553995 0.475      0.49121358
 0.51177195 0.52063715 0.50959638]
GRUPO 375: [0.46574247 0.46543979 0.47446479 0.48232348 0.5        0.48205837
 0.54673853 0.50844023 0.51734893]
GRUPO 376: [0.48843834 0.47935144 0.46198024 0.49258333 0.525      0.49609326
 0.47375515 0.51670062 0.50875293]
GRUPO 377: [0.47614435 0.48776244 0.46930613 0.48703974 0.55       0.50342202
 0.5649483  0.47862893 0.46184166]
GRUPO 378: [0.48228115 0.48414696 0.49869295 0.47884033 0.55       0.52565966
 0.48037174 0.48026434 0.48276234]
GRUPO 379: [0.46162447 0.47199142 0.5116488  0.49275584 0.55       0.45421461
 0.50337455 0.53910563 0.46856655]
GRUPO 380: [0.43788321 0.48189825 0.49494794 0.50853244 0.475      0.44956551
 0.52736072 0.47769065 0.43760656]
GRUPO 381: [0.47616544 0.51222507 0.48369381 0.4458493  0.55       0.5033595
 0.5167343  0.52135726 0.48570212]
GRUPO 382: [0.4689208  0.45319444 0.48328073 0.44427592 0.525      0.42345985
 0.4935846  0.48373166 0.43020867]
GRUPO 383: [0.45744728 0.41159658 0.44498316 0.46710044 0.5        0.44511592
 0.54583742 0.51636375 0.50650395]
GRUPO 384: [0.50821031 0.43279125 0.46719552 0.51009287 0.475      0.51805801
 0.5007161  0.5161871  0.4871439 ]
GRUPO 385: [0.50140197 0.48675025 0.50733052 0.47332818 0.475      0.48217491
 0.51622868 0.53697849 0.46180392]
GRUPO 386: [0.45171713 0.48375187 0.53445781 0.49347115 0.5        0.47309751
 0.49831702 0.53960767 0.46992146]
GRUPO 387: [0.49528661 0.44884649 0.54106516 0.47378862 0.5        0.50812259
 0.5403659  0.51167006 0.5181028 ]
GRUPO 388: [0.48341036 0.4522016  0.4666687  0.50335437 0.5        0.49819896
 0.4971189  0.51714007 0.4945015 ]
GRUPO 389: [0.51466134 0.48843864 0.46197139 0.49678003 0.475      0.48563055
 0.52586603 0.51457354 0.48085772]
GRUPO 390: [0.4715323  0.48704521 0.47775147 0.48982543 0.575      0.44318274
 0.51119793 0.50109852 0.49451323]
GRUPO 391: [0.47405521 0.47060256 0.51624915 0.49385062 0.65       0.42809088
 0.47376022 0.51684213 0.46552434]
GRUPO 392: [0.45089849 0.46114558 0.49561083 0.51104865 0.525      0.48289763
 0.53945694 0.48558149 0.48751161]
GRUPO 393: [0.43019722 0.45612735 0.46394153 0.49306703 0.65       0.49599342
 0.52307517 0.52178237 0.47241024]
GRUPO 394: [0.46833649 0.51165027 0.53336682 0.49302153 0.5        0.47882426
 0.49953432 0.48413753 0.48388447]
GRUPO 395: [0.45067705 0.48242345 0.51779366 0.46052636 0.475      0.443105
 0.53783671 0.49411553 0.49161883]
GRUPO 396: [0.49268797 0.45571529 0.5296953  0.49838253 0.475      0.49009172
 0.52463498 0.51863394 0.49371618]
GRUPO 397: [0.46415938 0.48832771 0.50758656 0.49641135 0.525      0.47788472
 0.527995   0.49463801 0.5126134 ]
GRUPO 398: [0.48302631 0.43260654 0.47653671 0.46251253 0.475      0.49666059
 0.49684464 0.5025436  0.48365655]
GRUPO 399: [0.47570632 0.43988989 0.4667702  0.50510746 0.475      0.50597275
 0.51104626 0.54256724 0.49489875]
GRUPO 400: [0.48196144 0.47536405 0.52420559 0.45431961 0.525      0.50027391
 0.56243497 0.52077731 0.52396604]
GRUPO 401: [0.46653245 0.4411875  0.51209512 0.46027865 0.475      0.48941185
 0.5461817  0.49625093 0.48644225]
GRUPO 402: [0.51889162 0.50665666 0.46553649 0.46570686 0.525      0.41207192
 0.50652327 0.49250474 0.46913829]
GRUPO 403: [0.49778492 0.45170001 0.49677875 0.48499033 0.5        0.45867815
 0.50651291 0.46198914 0.46634258]
GRUPO 404: [0.47795295 0.46519205 0.49422453 0.44406318 0.5        0.47452499
 0.55150033 0.52113979 0.4831494 ]
GRUPO 405: [0.46764809 0.43887082 0.53170249 0.51570379 0.5        0.49500469
 0.52281714 0.51276547 0.45508379]
GRUPO 406: [0.44921285 0.46651532 0.45758784 0.51783717 0.575      0.50020293
 0.50350207 0.51444051 0.48609265]
GRUPO 407: [0.46872256 0.46698559 0.49099401 0.49234715 0.475      0.45899799
 0.54521979 0.49083078 0.46482517]
GRUPO 408: [0.46936278 0.5032565  0.50611621 0.53248928 0.475      0.48327728
 0.51233484 0.47245038 0.44185925]
GRUPO 409: [0.46225971 0.47261834 0.55696128 0.4793671  0.575      0.4694869
 0.50843671 0.51752003 0.47321507]
GRUPO 410: [0.48248592 0.40595953 0.50335701 0.52649961 0.525      0.46782025
 0.48077927 0.45990864 0.46298951]
GRUPO 411: [0.53747953 0.48017266 0.49017031 0.51094659 0.55       0.50213522
 0.52299684 0.52930425 0.51783409]
GRUPO 412: [0.46914983 0.4614543  0.55929147 0.51037269 0.475      0.50208194
 0.48105125 0.52101164 0.48100836]
GRUPO 413: [0.47822094 0.47690369 0.49410081 0.49400809 0.475      0.50901081
 0.47370231 0.48433356 0.46669826]
GRUPO 414: [0.47976098 0.45657678 0.52477854 0.45586502 0.45       0.48546467
 0.54491344 0.50823557 0.47166032]
GRUPO 415: [0.46875205 0.44953402 0.46723985 0.44301901 0.475      0.47715233
 0.50978182 0.51097967 0.46657262]
GRUPO 416: [0.50187237 0.43495851 0.52278702 0.492239   0.525      0.4730957
 0.49940591 0.48671783 0.47065575]
GRUPO 417: [0.44519683 0.43276402 0.49622436 0.49475127 0.475      0.47277068
 0.47748752 0.47949661 0.49484765]
GRUPO 418: [0.46134437 0.48739497 0.50645929 0.51051377 0.5        0.49244978
 0.5049898  0.52012875 0.46219375]
GRUPO 419: [0.4895724  0.42894002 0.53285524 0.51893768 0.525      0.50447293
 0.55592063 0.5100887  0.49808168]
GRUPO 420: [0.46558625 0.50264094 0.46520888 0.49314542 0.45       0.48438331
 0.49710809 0.48506781 0.4642065 ]
GRUPO 421: [0.49514066 0.46702737 0.49548082 0.47954863 0.525      0.45351809
 0.50968779 0.54051562 0.49913151]
GRUPO 422: [0.45357149 0.43102409 0.51130177 0.45082411 0.5        0.50095704
 0.51283209 0.51973702 0.5009904 ]
GRUPO 423: [0.46881657 0.41946073 0.47040628 0.47122108 0.475      0.4660913
 0.5301107  0.51664906 0.51026195]
GRUPO 424: [0.45263578 0.47956898 0.46210544 0.47757234 0.475      0.52233964
 0.53299314 0.52382372 0.48841338]
GRUPO 425: [0.49436498 0.44195821 0.53886136 0.46610495 0.475      0.48191165
 0.52221046 0.46901867 0.51627776]
GRUPO 426: [0.46612709 0.4478567  0.5058142  0.48704665 0.65       0.51207962
 0.52913265 0.52905718 0.5064496 ]
GRUPO 427: [0.51271436 0.44659812 0.47110107 0.48631928 0.5        0.49526422
 0.53084085 0.54168529 0.46103169]
GRUPO 428: [0.42025673 0.44093609 0.49911693 0.48393861 0.5        0.49175023
 0.45363936 0.55300313 0.49380531]
GRUPO 429: [0.48144789 0.44719538 0.5289299  0.5035944  0.575      0.50812369
 0.50666263 0.53724882 0.47110276]
GRUPO 430: [0.49647129 0.46548063 0.54034917 0.5130638  0.525      0.45527658
 0.48707452 0.48775157 0.48241258]
GRUPO 431: [0.52798083 0.49662996 0.52522202 0.50760246 0.525      0.46812685
 0.47600275 0.5064346  0.52324392]
GRUPO 432: [0.45593787 0.45416611 0.53545565 0.48356559 0.525      0.5307053
 0.53490196 0.4912853  0.51251288]
GRUPO 433: [0.46071986 0.50270799 0.48863584 0.52336883 0.475      0.4724831
 0.4846744  0.49125487 0.48403431]
GRUPO 434: [0.49877105 0.46861291 0.4824771  0.46173497 0.475      0.45114792
 0.50187169 0.4989747  0.50026955]
GRUPO 435: [0.46946052 0.48056413 0.51007625 0.46273286 0.475      0.48451473
 0.52906999 0.48295742 0.46469869]
GRUPO 436: [0.47087076 0.46160486 0.49294813 0.48589484 0.525      0.48990884
 0.53425294 0.46532449 0.46445581]
GRUPO 437: [0.45612721 0.41964305 0.53669876 0.45390395 0.525      0.4744603
 0.48795214 0.5258076  0.47227215]
GRUPO 438: [0.46851879 0.46155271 0.51853885 0.48935482 0.5        0.47185055
 0.51782206 0.51273266 0.47913616]
GRUPO 439: [0.4687732  0.4501607  0.5289932  0.49868783 0.575      0.49330992
 0.47168218 0.51270434 0.49582262]
GRUPO 440: [0.44882075 0.4593027  0.50212273 0.51572592 0.5        0.48196417
 0.47466875 0.53307971 0.49553287]
GRUPO 441: [0.49140918 0.45693556 0.49611594 0.50430823 0.45       0.47298667
 0.53933596 0.52865963 0.47279808]
GRUPO 442: [0.52088737 0.46307869 0.49215058 0.53291246 0.55       0.48560294
 0.55729076 0.52316284 0.5177648 ]
GRUPO 443: [0.46772441 0.46871858 0.45507039 0.52008272 0.575      0.48995742
 0.51433773 0.57190271 0.48528451]
GRUPO 444: [0.44547889 0.44686506 0.46424755 0.50078625 0.525      0.54340465
 0.45252169 0.51810021 0.46159815]
GRUPO 445: [0.45084357 0.4849879  0.49834606 0.48726923 0.5        0.49082196
 0.46591232 0.48734234 0.45909737]
GRUPO 446: [0.43704831 0.44779156 0.49508415 0.50372955 0.575      0.48510302
 0.49047372 0.50002327 0.47645781]
GRUPO 447: [0.48423454 0.48604417 0.46033434 0.46021351 0.45       0.45201719
 0.48982417 0.51000755 0.47681019]
GRUPO 448: [0.46364211 0.48772848 0.50141328 0.47600957 0.5        0.49489073
 0.52309085 0.48077474 0.50459414]
GRUPO 449: [0.51518814 0.4123518  0.46968921 0.46545726 0.5        0.42921843
 0.50523007 0.52057026 0.46271342]
GRUPO 450: [0.51595048 0.44899749 0.50493291 0.44992139 0.525      0.47764892
 0.46100718 0.53005791 0.49340364]
GRUPO 451: [0.48281431 0.46109523 0.50843429 0.51289611 0.45       0.50546921
 0.49284634 0.52404635 0.50191284]
GRUPO 452: [0.5131279  0.48128309 0.51414886 0.4941873  0.525      0.43586942
 0.47773987 0.53436884 0.49919632]
GRUPO 453: [0.43343122 0.48722349 0.46166654 0.50489894 0.5        0.47837523
 0.52816881 0.4853195  0.50261523]
GRUPO 454: [0.44418453 0.35994713 0.47078103 0.51379157 0.55       0.515162
 0.52446663 0.48297048 0.44511567]
GRUPO 455: [0.48709128 0.46888998 0.4765482  0.49087009 0.475      0.50364504
 0.48333821 0.54110085 0.43915022]
GRUPO 456: [0.53448735 0.45050262 0.51820115 0.48873808 0.5        0.51062976
 0.50563041 0.52157544 0.46561175]
GRUPO 457: [0.47763308 0.48899874 0.52647053 0.50089791 0.525      0.52130746
 0.54297269 0.51536306 0.48465817]
GRUPO 458: [0.45101289 0.44540337 0.50775689 0.49075602 0.5        0.53831636
 0.47354243 0.51214642 0.46816543]
GRUPO 459: [0.48002429 0.47993742 0.47542038 0.47507399 0.475      0.47962444
 0.49931713 0.49403792 0.51064238]
GRUPO 460: [0.46638969 0.40506931 0.5109173  0.49939971 0.475      0.40507748
 0.45951452 0.48458683 0.49016684]
GRUPO 461: [0.48042687 0.48092342 0.51037988 0.47964992 0.525      0.47762355
 0.53103578 0.49382961 0.51374845]
GRUPO 462: [0.49058533 0.40522701 0.48742163 0.48073562 0.575      0.50813953
 0.50721281 0.49785481 0.50419007]
GRUPO 463: [0.5309731  0.47469956 0.49671773 0.54331744 0.525      0.49029777
 0.48847049 0.50671644 0.51900714]
GRUPO 464: [0.47022203 0.43008814 0.53702414 0.47908784 0.5        0.45723313
 0.53816269 0.52426032 0.45190689]
GRUPO 465: [0.50412242 0.4567456  0.49331273 0.53245178 0.5        0.50477283
 0.51114248 0.52861778 0.47666155]
GRUPO 466: [0.48787197 0.41777737 0.52867927 0.48804401 0.475      0.48981862
 0.55762076 0.47587102 0.49204272]
GRUPO 467: [0.49395516 0.47266461 0.51085213 0.5496788  0.625      0.44713013
 0.47409407 0.4679874  0.5026719 ]
GRUPO 468: [0.49727442 0.51557512 0.47026841 0.49239337 0.5        0.50035869
 0.47797679 0.53368652 0.5090479 ]
GRUPO 469: [0.47832455 0.47747933 0.51261938 0.46297783 0.525      0.45411234
 0.50746182 0.5070735  0.48340746]
GRUPO 470: [0.51912653 0.45338295 0.51508737 0.48617369 0.475      0.489168
 0.51914897 0.4851534  0.5074643 ]
GRUPO 471: [0.45563988 0.479264   0.49512233 0.45482576 0.5        0.48256992
 0.54221457 0.49913132 0.50854434]
GRUPO 472: [0.44021845 0.47572596 0.54015843 0.48152041 0.5        0.50667311
 0.54161957 0.47821434 0.46636685]
GRUPO 473: [0.44667723 0.45136488 0.5088117  0.44895743 0.55       0.47684762
 0.49967305 0.51620381 0.43662699]
GRUPO 474: [0.50083208 0.41677689 0.52434472 0.529853   0.6        0.51157392
 0.4864474  0.49753159 0.5159639 ]
GRUPO 475: [0.47940423 0.49159831 0.48573687 0.46863132 0.65       0.45282008
 0.55597677 0.51352324 0.53009358]
GRUPO 476: [0.50684    0.46591511 0.45757652 0.46793436 0.625      0.46777822
 0.51467838 0.52562085 0.46842831]
GRUPO 477: [0.45655156 0.41699293 0.49412115 0.47872984 0.575      0.47051884
 0.51058622 0.47052369 0.50078108]
GRUPO 478: [0.46368274 0.44779901 0.50329456 0.494514   0.475      0.46759467
 0.53828476 0.50328142 0.47019676]
GRUPO 479: [0.47658811 0.45162525 0.48326987 0.50268998 0.6        0.43837764
 0.55729329 0.5518218  0.46338391]
GRUPO 480: [0.52097156 0.47675153 0.48926528 0.47222177 0.5        0.44127409
 0.47521301 0.47644979 0.44218394]
GRUPO 481: [0.50898909 0.48211551 0.46569974 0.46876561 0.525      0.44677989
 0.47356165 0.50902301 0.49249998]
GRUPO 482: [0.47151257 0.47036106 0.47536343 0.48999275 0.525      0.44828941
 0.50297578 0.50642472 0.50964601]
GRUPO 483: [0.50892415 0.46312495 0.55071579 0.50491881 0.65       0.49227912
 0.53214476 0.53007022 0.52505947]
GRUPO 484: [0.48698187 0.41393532 0.54687472 0.50183288 0.65       0.43945889
 0.48262391 0.48506402 0.4960438 ]
GRUPO 485: [0.48295435 0.41381448 0.48894055 0.50514641 0.6        0.45836075
 0.50036417 0.52080329 0.55165663]
GRUPO 486: [0.42019011 0.46937092 0.57109976 0.45562046 0.525      0.48231392
 0.53918374 0.53471747 0.51375634]
GRUPO 487: [0.47998225 0.49285943 0.47742331 0.48628361 0.475      0.4316459
 0.53420657 0.51186574 0.44115878]
GRUPO 488: [0.43742822 0.43317928 0.49275108 0.44271543 0.55       0.48744173
 0.47667081 0.5340445  0.44561265]
GRUPO 489: [0.46055422 0.38704525 0.52609819 0.48329852 0.525      0.46573027
 0.55504611 0.55136915 0.53073502]
GRUPO 490: [0.44188373 0.40893088 0.53105214 0.54165003 0.55       0.43872264
 0.45955567 0.47471009 0.50497107]
GRUPO 491: [0.45505883 0.45405559 0.49430797 0.51223013 0.55       0.48567332
 0.52042559 0.44763008 0.49833242]
GRUPO 492: [0.42045778 0.46996328 0.43276616 0.49662821 0.675      0.50108955
 0.57239789 0.46854805 0.47352888]
GRUPO 493: [0.45408263 0.41335061 0.51644314 0.47205398 0.65       0.48904832
 0.46888879 0.5479489  0.46986397]
GRUPO 494: [0.44290523 0.45642846 0.48223958 0.52373162 0.525      0.44575323
 0.55362408 0.46738279 0.41859044]
GRUPO 495: [0.48669418 0.48081186 0.51462532 0.45568979 0.5        0.46518265
 0.53814155 0.52105419 0.4806531 ]
GRUPO 496: [0.47466843 0.46623755 0.47471688 0.4857813  0.575      0.48395876
 0.52153115 0.50600605 0.4414418 ]
GRUPO 497: [0.48324458 0.43722498 0.44195405 0.47008334 0.6        0.41049957
 0.47553469 0.55527889 0.46502879]
GRUPO 498: [0.51722459 0.45314943 0.48188217 0.45210741 0.65       0.50831577
 0.51624669 0.47226373 0.49071501]
GRUPO 499: [0.45198592 0.44282916 0.50058397 0.51628118 0.475      0.47870835
 0.52779483 0.49363779 0.47848103]
GRUPO 500: [0.43749209 0.44655192 0.48297889 0.50401235 0.55       0.5340643
 0.56032698 0.5196723  0.49113898]

MEJOR -> Grupo 1 
	 [0.47770574 0.45472713 0.5442857  0.47512584 0.475      0.47719583
 0.50152779 0.49355138 0.46492789] -> dif: [0.00333256 0.00063335 0.0487162  0.01311971 0.0216     0.00250429
 0.01150176 0.01282928 0.01996648]  

PEOR  -> Grupo 483 
	 [0.50892415 0.46312495 0.55071579 0.50491881 0.65       0.49227912
 0.53214476 0.53007022 0.52505947] -> dif: [0.03455097 0.00776446 0.0551463  0.01667327 0.1534     0.01257899
 0.01911521 0.02368956 0.0401651 ]  
