VALOR OBJETIVO POR EJE: [0.48074193 0.6683209  0.30876183 0.49225406 0.227     ] 	 VALOR OBJETIVO GENERAL: 3.5541841052623906 

GRUPO 1: [0.47506648 0.6715418  0.30526033 0.41646891 0.125     ]
GRUPO 2: [0.45518668 0.64951488 0.2869098  0.4670769  0.2       ]
GRUPO 3: [0.51271574 0.63274129 0.29835691 0.46332337 0.1       ]
GRUPO 4: [0.5347669  0.70897972 0.30909648 0.58157212 0.25      ]
GRUPO 5: [0.48238441 0.63066339 0.32495141 0.44883155 0.25      ]
GRUPO 6: [0.47813871 0.70415286 0.31843794 0.47956084 0.15      ]
GRUPO 7: [0.48267492 0.61577202 0.30489059 0.48354286 0.25      ]
GRUPO 8: [0.50857898 0.71609703 0.31344037 0.48479734 0.2       ]
GRUPO 9: [0.47509046 0.64918271 0.30960824 0.65097072 0.3       ]
GRUPO 10: [0.54924147 0.74133713 0.30837799 0.47926607 0.4       ]
GRUPO 11: [0.47300129 0.74391452 0.27988756 0.51095903 0.1       ]
GRUPO 12: [0.45966586 0.65963671 0.28968414 0.49700269 0.15      ]
GRUPO 13: [0.48397184 0.59870192 0.27409119 0.53718661 0.2       ]
GRUPO 14: [0.46335385 0.67496834 0.27471798 0.35393217 0.25      ]
GRUPO 15: [0.49823215 0.64731443 0.29111408 0.46695029 0.2       ]
GRUPO 16: [0.46938066 0.6743927  0.30294364 0.53660965 0.2       ]
GRUPO 17: [0.44962429 0.71449059 0.26349965 0.42247388 0.2       ]
GRUPO 18: [0.47303111 0.61826076 0.35709572 0.49787031 0.2       ]
GRUPO 19: [0.49214525 0.65236907 0.29636994 0.43489747 0.15      ]
GRUPO 20: [0.47551315 0.65248321 0.27488271 0.50491673 0.2       ]
GRUPO 21: [0.49110881 0.63281142 0.32404376 0.4738007  0.05      ]
GRUPO 22: [0.45560448 0.58749296 0.26706857 0.4439052  0.1       ]
GRUPO 23: [0.48460904 0.65361072 0.36073143 0.41795403 0.45      ]
GRUPO 24: [0.47307474 0.68766564 0.30022429 0.48196826 0.25      ]
GRUPO 25: [0.51368562 0.58923252 0.37636265 0.4241287  0.        ]
GRUPO 26: [0.48057712 0.70539182 0.29658583 0.56782838 0.05      ]
GRUPO 27: [0.48894745 0.70816847 0.36061573 0.55908308 0.2       ]
GRUPO 28: [0.48520834 0.66080245 0.33270732 0.46427101 0.25      ]
GRUPO 29: [0.47782655 0.69478778 0.29044324 0.41102694 0.1       ]
GRUPO 30: [0.47323279 0.61845986 0.33869809 0.46986071 0.3       ]
GRUPO 31: [0.45945903 0.61663763 0.315713   0.55729039 0.35      ]
GRUPO 32: [0.48695513 0.72726354 0.36378114 0.57596076 0.35      ]
GRUPO 33: [0.48128138 0.70473014 0.23874267 0.44518335 0.2       ]
GRUPO 34: [0.48915663 0.67818165 0.26767418 0.51545043 0.4       ]
GRUPO 35: [0.47252231 0.67697466 0.28408871 0.47309567 0.4       ]
GRUPO 36: [0.48707428 0.69656866 0.24371579 0.51232146 0.15      ]
GRUPO 37: [0.48610368 0.6242996  0.31291004 0.49413037 0.5       ]
GRUPO 38: [0.50280966 0.64776199 0.34505002 0.44562055 0.25      ]
GRUPO 39: [0.44671461 0.6476262  0.28452407 0.55775792 0.1       ]
GRUPO 40: [0.42481928 0.70646478 0.26179222 0.42502657 0.35      ]
GRUPO 41: [0.28286192 0.51832439 0.49357398 0.06084039 0.5       ]
GRUPO 42: [0.44539428 0.6314087  0.31661586 0.54062835 0.3       ]
GRUPO 43: [0.50302006 0.69919724 0.29554488 0.59438877 0.3       ]
GRUPO 44: [0.47292242 0.65805611 0.2980494  0.57511715 0.2       ]
GRUPO 45: [0.48609383 0.65133694 0.3140356  0.50784956 0.2       ]
GRUPO 46: [0.52502751 0.62812836 0.27887364 0.49661099 0.15      ]
GRUPO 47: [0.47888527 0.65333872 0.32837469 0.46221822 0.05      ]
GRUPO 48: [0.48544597 0.65940614 0.32710651 0.59470399 0.35      ]
GRUPO 49: [0.50071407 0.64569079 0.31237346 0.52139658 0.15      ]
GRUPO 50: [0.52087213 0.64356458 0.25757682 0.52065606 0.15      ]

MEJOR -> Grupo 1 
	 [0.47506648 0.6715418  0.30526033 0.41646891 0.125     ] -> dif: [0.00567546 0.0032209  0.0035015  0.07578515 0.102     ]  

PEOR  -> Grupo 41 
	 [0.28286192 0.51832439 0.49357398 0.06084039 0.5       ] -> dif: [0.19788001 0.14999651 0.18481215 0.43141367 0.273     ]  
