VALOR OBJETIVO POR EJE: [0.47271811 0.46184124 0.49919175 0.48797566 0.502      0.48128706
 0.51183088 0.50812152 0.49119479] 	 VALOR OBJETIVO GENERAL: 1.300575252213973 

GRUPO 1: [0.46942522 0.47587134 0.50830254 0.48978366 0.525      0.52113421
 0.52320379 0.52757864 0.48819506]
GRUPO 2: [0.51650185 0.45242693 0.4793239  0.50552652 0.525      0.43298646
 0.50969508 0.49200005 0.39986448]
GRUPO 3: [0.44804676 0.46441374 0.52432934 0.48590299 0.475      0.49778795
 0.5340965  0.51215833 0.50204032]
GRUPO 4: [0.49773245 0.46638323 0.47202032 0.51321672 0.5        0.48273327
 0.55006986 0.4883271  0.47695705]
GRUPO 5: [0.47935459 0.47626157 0.49604082 0.48446008 0.475      0.52032517
 0.47178276 0.46657883 0.49079701]
GRUPO 6: [0.42929798 0.43800983 0.49421782 0.46074808 0.55       0.50157762
 0.52452805 0.49367788 0.49406933]
GRUPO 7: [0.4880335  0.43796305 0.46870988 0.46792465 0.475      0.47865704
 0.52801482 0.52867539 0.43802817]
GRUPO 8: [0.54803358 0.46557964 0.50360769 0.50576512 0.5        0.43264396
 0.51053104 0.51173857 0.5144674 ]
GRUPO 9: [0.43671443 0.41990101 0.50159834 0.52527035 0.475      0.45186899
 0.54037772 0.51613719 0.48221608]
GRUPO 10: [0.46204996 0.4103285  0.47992727 0.48079416 0.6        0.44068357
 0.48889552 0.53838747 0.49718116]
GRUPO 11: [0.4549072  0.46569867 0.52883941 0.47050667 0.5        0.47163743
 0.57050669 0.5285018  0.50396631]
GRUPO 12: [0.46870061 0.46777965 0.52188236 0.47579065 0.5        0.46638895
 0.52079216 0.50517258 0.50490443]
GRUPO 13: [0.48988419 0.44000015 0.46694185 0.46124438 0.5        0.43989487
 0.4751623  0.51514132 0.51547491]
GRUPO 14: [0.48566559 0.46455044 0.52548541 0.49784943 0.475      0.48782983
 0.53822391 0.52273547 0.4913956 ]
GRUPO 15: [0.51185648 0.49022928 0.47507321 0.52981455 0.525      0.48823206
 0.48663719 0.54057641 0.46201172]
GRUPO 16: [0.52946098 0.4877469  0.54687826 0.50987741 0.575      0.50503668
 0.48555717 0.41219763 0.51518314]
GRUPO 17: [0.47920848 0.47495016 0.53362725 0.50177565 0.475      0.47143677
 0.53185282 0.55193324 0.51170639]
GRUPO 18: [0.46036248 0.45009886 0.54058125 0.46991218 0.475      0.46280454
 0.50708068 0.49924555 0.47026284]
GRUPO 19: [0.45673411 0.46301022 0.46689319 0.46048884 0.475      0.50961982
 0.54003618 0.51070143 0.48903294]
GRUPO 20: [0.47781867 0.40415881 0.53042091 0.48047643 0.475      0.47661469
 0.55589573 0.5184075  0.49499587]
GRUPO 21: [0.47152157 0.4348976  0.50843686 0.45735145 0.425      0.45740439
 0.48603886 0.5041965  0.49178164]
GRUPO 22: [0.48696544 0.42369512 0.53838221 0.48927289 0.5        0.51473475
 0.54616423 0.48783761 0.47334047]
GRUPO 23: [0.45908348 0.45261396 0.46270524 0.46579767 0.525      0.49253771
 0.49599571 0.49645811 0.49736502]
GRUPO 24: [0.49660653 0.44260352 0.53226893 0.46848069 0.45       0.4576671
 0.49392402 0.51367358 0.47210055]
GRUPO 25: [0.45839458 0.48055375 0.50003657 0.4762192  0.525      0.51953097
 0.49518167 0.52391078 0.51052819]
GRUPO 26: [0.49766148 0.49045662 0.4938986  0.45512749 0.4        0.45046826
 0.512254   0.49747572 0.50527538]
GRUPO 27: [0.45385365 0.46456163 0.50415682 0.47957831 0.5        0.52223578
 0.47790633 0.4950846  0.49565921]
GRUPO 28: [0.47287979 0.45629495 0.47549502 0.44535291 0.575      0.44059591
 0.477686   0.49808091 0.49113929]
GRUPO 29: [0.47120312 0.4588178  0.46054778 0.49255745 0.65       0.48832072
 0.55483527 0.49437603 0.51220704]
GRUPO 30: [0.44668637 0.45929447 0.48941792 0.51564059 0.525      0.50920186
 0.50117493 0.46170348 0.50450515]
GRUPO 31: [0.46888905 0.45691931 0.5070092  0.47884641 0.525      0.49130278
 0.49458176 0.52374915 0.51866685]
GRUPO 32: [0.49017336 0.46871227 0.47453993 0.54042043 0.525      0.47668447
 0.51669962 0.5010194  0.49624132]
GRUPO 33: [0.49006663 0.43596925 0.50368644 0.48922922 0.525      0.49269693
 0.47008208 0.49507601 0.45251583]
GRUPO 34: [0.47253126 0.47775357 0.48398594 0.49002906 0.55       0.46291281
 0.49161151 0.48983694 0.52851752]
GRUPO 35: [0.44971411 0.43393929 0.51014131 0.52491464 0.5        0.49189171
 0.59616604 0.51620046 0.49310778]
GRUPO 36: [0.49804455 0.50709471 0.51905333 0.47738087 0.5        0.4972939
 0.51785276 0.5413544  0.48919306]
GRUPO 37: [0.41782293 0.49424043 0.51983678 0.51096709 0.525      0.47222197
 0.48530646 0.51634971 0.47940113]
GRUPO 38: [0.4691616  0.47567284 0.47416898 0.50599541 0.475      0.42277164
 0.56380083 0.50696215 0.49516843]
GRUPO 39: [0.46467337 0.53130136 0.47529814 0.48868626 0.5        0.48883708
 0.46431941 0.51421322 0.49926561]
GRUPO 40: [0.45625485 0.48405432 0.48506438 0.48937118 0.55       0.48100454
 0.46927778 0.50002103 0.51779175]
GRUPO 41: [0.42335222 0.43856847 0.48374054 0.46036888 0.5        0.47797978
 0.53654153 0.52026997 0.47943281]
GRUPO 42: [0.44506828 0.50477522 0.48064191 0.45113595 0.475      0.48207232
 0.45367557 0.5121215  0.50851552]
GRUPO 43: [0.48490608 0.49107564 0.49949029 0.49660029 0.525      0.51922665
 0.51776037 0.56738872 0.46686503]
GRUPO 44: [0.46134148 0.4809812  0.53210831 0.53256571 0.5        0.47962429
 0.48622645 0.5067285  0.53549732]
GRUPO 45: [0.45833713 0.48107939 0.46552706 0.47135183 0.425      0.4977011
 0.50274771 0.4999536  0.45531707]
GRUPO 46: [0.46061332 0.44465237 0.46227169 0.50679695 0.475      0.48678148
 0.50284139 0.47614327 0.45671933]
GRUPO 47: [0.49409222 0.45064104 0.52074303 0.49357496 0.425      0.46720794
 0.53312982 0.53606412 0.46971344]
GRUPO 48: [0.47565135 0.40787691 0.50681315 0.48998765 0.525      0.50388665
 0.49605768 0.50923043 0.50537334]
GRUPO 49: [0.47968068 0.44499483 0.54076392 0.49478944 0.475      0.44816944
 0.5591256  0.51919795 0.51329537]
GRUPO 50: [0.47088579 0.50260822 0.48465596 0.48326366 0.45       0.53149437
 0.49963887 0.50152563 0.50248892]

MEJOR -> Grupo 1 
	 [0.46942522 0.47587134 0.50830254 0.48978366 0.525      0.52113421
 0.52320379 0.52757864 0.48819506] -> dif: [0.00329288 0.0140301  0.0091108  0.001808   0.023      0.03984714
 0.01137291 0.01945712 0.00299973]  

PEOR  -> Grupo 10 
	 [0.46204996 0.4103285  0.47992727 0.48079416 0.6        0.44068357
 0.48889552 0.53838747 0.49718116] -> dif: [0.01066815 0.05151274 0.01926448 0.0071815  0.098      0.04060349
 0.02293536 0.03026595 0.00598637]  
